411244
8739308
1213449
3003019
6031716
1183501
9029602
1601779
6131572
9449400
5534770
2261572
4419979
5397462
5018366
6419542
1922339
9663181
11588049
10085041
10831056
8939025
7524742
4231298
5400767
10989265
11249923
10992486
10913798
12281022
9952711
9672518
11548248
6741833
12563733
6963881
3707482
9633947
13295249
5858846
9962715
8333388
4977121
7408146
10000331
6249599
11446664
14587083
7322120
9773911
7019075
8665216
6037529
13499664
11712669
9270956
6454120
6340092
15226891
15028130
10819451
14999961
12134129
6336496
12855427
9265634
9392004
15838534
8384915
15318105
10209300
10651136
11677104
13633431
9368785
12069934
9782825
10218538
16780753
16886862
15192321
9604968
10143871
8996251
16011378
9443513
14323668
17332418
17647677
13321447
15988454
16150461
13466224
18805550
15778517
17682593
13790826
11630307
18642751
13962788
14594287
18028773
18081822
19214666
17658447
16373380
15186535
12428059
13063127
16606242
19603381
19217668
13473031
18886708
17931990
16969892
17675589
15524318
19780988
15859400
17249282
12533694
16621433
13979697
22155328
17046425
21073756
20436770
15641296
14763257
15115654
22205469
22057203
19236222
19423345
16211089
17034061
18866830
18340884
21880803
18773146
15198454
21931998
17818816
18713536
18384317
23298569
19344872
15379126
18956610
23660001
16997770
20458833
17160987
22409668
19000785
20490560
24814321
16025658
20210097
22197651
23235188
17525980
18997612
22936901
23250895
20567438
19390687
20146709
20387441
26155903
21364585
26767426
23830622
26933326
18858082
26912212
27493855
19779973
19056952
18159783
26314364
20464315
18355377
25883438
28017348
24201578
18791975
25350694
20645761
22125649
27456799
26130392
21193178
19822923
26310959
20198481
25018056
29659104
22264262
23389667
29964066
26659838
22829117
22028053
26708491
24192963
24464310
27924299
25114442
21470618
26732766
23872079
23445089
30370305
22285307
22080572
22708466
27716591
25291208
23661423
31109706
26187247
29546964
28143266
27954760
31535673
32057172
26139448
23745306
27148768
26006352
23562473
32537255
26996567
28242932
30687421
27494960
31590005
30990295
31067880
27724098
28253956
30682914
32100397
25693823
32364812
31713904
34416806
26918811
34996023
28561565
26340307
30828337
27209868
28180204
31064923
28697187
26511431
34452069
30912869
34096922
31945507
30573248
30081318
31335043
29773465
31766154
32455745
31026263
34976523
29629496
35631786
33040059
34818353
31895717
37422761
30018979
32969043
31193476
35384290
28552598
30941485
36030122
33660700
32668645
36590811
28990634
35179507
38452487
29922198
33641734
36209205
33594083
32135627
39267329
39518092
32753180
33111563
32824943
30682986
37120862
31744797
32611124
31002688
38565316
31041025
35983987
33509589
34241374
38219643
33624648
39670809
39567184
40253557
36151275
34654809
40749680
36825277
37489267
35000441
34976143
40129838
34935021
40117374
39961847
39988949
39792291
34663957
39302196
41725848
38504904
36991335
34910197
40874303
42766557
39408358
43224198
43058931
42682598
37276988
39349438
38404988
42081817
34555761
35841773
34990836
40653321
36787171
37121848
41012532
38252745
37072014
44044771
43129239
40549569
43791619
40690497
44860540
41689057
38957842
45683705
43394680
41532628
45339335
42073856
39699198
37197573
42331824
45446986
37659857
45625057
47149464
44348212
44338364
42521211
47354008
43429271
40692917
38916614
40338207
46326919
38682371
39907712
47115553
46651599
47976355
48429586
41831294
39509142
39137406
44047286
44740582
41059608
43719639
39798538
47175431
46793818
40796875
45269781
48968181
42960755
47101676
41540659
42073820
50481817
43001984
44007125
42715274
47420558
47369754
48411245
44332615
43273990
43596999
46841608
48808994
46712531
46207326
50470293
49838119
43477055
49270696
43462418
51273950
44914271
47215944
49310444
47020453
43229220
49932422
48744867
45229752
52001140
50642851
48885466
52091438
44281181
49773830
44802668
50278542
50244454
51520850
49847046
48433287
49200782
50004844
48910404
52699736
46220367
52038861
52130719
54006813
51342417
53670569
47926021
47970933
52345637
47260096
48686609
55653420
49326714
50177806
53177268
48557843
54177907
52925710
51884617
52243885
49307122
50832400
48314592
53176748
54062233
53177072
55341625
54859010
56919088
49269544
49658900
57485878
48514826
50883533
51912969
58331364
53189153
55136773
50927181
53432847
49824317
49687787
56341800
56435130
50403244
54603192
57917825
58574034
58612532
59392788
55086043
51628842
58545736
54090101
54935513
51125672
57127292
53363905
58603796
52051088
55734590
51960951
58453977
56219280
51753363
54448649
58529932
60858524
55559069
57689618
53302989
60011576
59031248
57418910
55186840
55454930
58024706
61303381
54751232
60048517
62806295
54535072
58716214
60547365
59175557
59147885
61939822
55904470
55780973
60483526
55959516
56005236
62365188
56623458
61935220
63241924
58649977
61220170
64308092
61689195
64705164
57382411
60935899
57515408
63809844
63314054
59564601
59561878
58399622
56541924
65025380
62932923
64479220
56243310
58220772
61599039
59625966
59280342
65419283
60191893
57130846
60903003
65788713
57533520
62148840
65976841
65877253
67345938
67521719
65005888
65515508
66940745
61825379
59166031
62635848
63570986
62115888
59669207
60860101
62865711
63348644
60171407
62770975
61373185
65738870
67793686
65778436
61481677
67556393
66807683
66623650
65975790
69424229
60643182
60939600
69097314
70355714
68176860
62235820
65429093
62062842
61201995
67406697
61517324
69115480
69308300
66599095
64467999
65511438
66504757
64894839
67451948
64445294
64287979
70682607
63536684
69190162
66652973
67562860
67556002
65318508
71191069
64805547
71768879
67530119
73379855
63973924
66440197
64621719
73547682
70476646
71115428
72503060
68867402
66624379
72282200
71758199
65704310
74134428
67922010
68194028
72841865
70778804
72452907
73066552
66900191
65897076
72987248
74353501
70258244
70093931
69514813
75278355
74432873
76271784
72017110
74543101
71829909
74032499
66950806
73082047
67371314
67366113
76896916
72726741
73979569
70908805
72279495
75516536
68734829
70479603
74588517
68884248
77028032
72457958
77338402
69022669
72421758
76853448
74535215
77634717
76489566
76619707
78241942
72730887
70258190
79317549
79415068
74106941
73897630
74770585
76902644
78191194
76221994
76029595
71037962
79342457
70749321
73874380
78928935
71250710
79408867
75237672
76079070
76981212
78226292
72771024
78473896
74332610
79207545
79980418
78845965
77313288
73954852
79461290
77002844
81536964
82071452
78999597
74573753
76959652
76987656
82659302
76455376
79941955
73953756
75550826
82740047
83370346
81202441
77630623
77739703
80409973
81162788
76936437
80086194
80786881
75507842
77528569
76658762
76379060
81883259
82682324
79903406
76114061
76697209
83598370
80873951
79881630
76230580
78805285
85972878
84991166
83466080
80554660
84175507
79828364
80468515
79959775
84420460
79772647
84090824
81576335
84386422
78830527
79011405
82941224
83751064
81827308
85787233
87420912
81834842
86666327
81908703
79655681
80552136
84945581
81956925
87186515
86507370
85950547
82506712
81309330
79871736
85693936
80340057
79681629
82592156
86526797
82918923
80333300
81659027
86464185
80220025
84436569
80518652
89630820
88467536
83297768
84542398
88472919
89357703
84478166
83272245
90481435
84948673
88901142
83700575
88365284
87129951
88642530
85656988
90331896
83954188
87930993
86226793
90702053
86896733
83770578
91947108
91611500
86809734
84196945
89011843
93174095
84988825
84370054
83608567
88598047
85674780
85695621
91749767
89101281
92464354
91899991
88640591
85792144
94293210
91217799
90670004
90530387
89740423
90790282
85344261
86543490
92438280
92389255
95267147
93910175
93039051
88148564
90144160
91330126
88793085
86630409
95610688
94290448
89173087
91476744
96490690
96372028
94592640
96211095
91041471
87785853
93042237
96483366
88857175
94746191
95234484
88918065
92878447
89303271
96300757
94810548
96024375
92530942
94244511
95975344
89824581
94606439
98258232
93936810
92876713
90944521
90703716
89532612
91691222
95189930
99258283
96098585
90641692
95215135
91654363
91411255
97605723
96178309
94014322
95034576
100233343
100886124
100762673
97135304
97344361
101064614
99748893
100055635
92516310
92051369
93151607
92287114
93440729
93098270
98183656
97565715
93253404
99701969
92934238
96551609
98067703
93823282
95101838
94597642
100961113
98001978
102902005
101832198
98143187
98478565
97404924
95571797
96315030
96123135
95100259
101499808
99281179
103708635
102962268
98097683
101781993
97116331
97243847
102907008
96104908
100124359
96573128
101354683
102322856
105229123
104479899
97906424
98946824
103116880
99713865
98713803
101912248
106097788
101150206
104191476
101620476
99206696
104636719
102403617
101986238
104817492
104081220
101117917
99198878
99125951
100493832
104859309
98929504
101433579
98423333
106818711
99060624
99653300
101799035
105859430
104765579
102021177
104227195
103014136
105334132
103474617
109127871
107606847
105353982
100228102
102480632
105490155
108321592
108871013
107229643
109207125
108998099
104282623
107468197
108712309
102758908
107260125
110948182
104825493
102587513
104930044
103887164
103849831
106150394
101962315
106502772
104092090
104987937
103392427
104278867
107718854
103131877
112490858
106586498
110990122
104248151
111609213
107110986
110477049
109097213
106346168
104891816
105753608
104063314
105143538
113043063
111708565
105741575
108437459
111600399
107438707
110916219
105797106
113521624
109629408
111617551
108914094
112717520
111758915
114284256
109243407
105838044
105930791
109231053
107348370
107054237
114767647
106633032
109042319
113886361
107450968
113717366
106534069
114515548
108308171
113299214
115899647
114351636
109759535
112334762
115039287
111026665
108055069
110489359
110383369
114698229
108293226
110750486
110800253
116630056
113411290
110451644
117314268
112145460
112906945
114940315
115736395
114911336
110824205
110979283
117280698
113811351
110282184
119246905
110710856
116002089
110342462
112002249
119366360
112200102
112367450
115240520
111701623
111104508
120258201
120785643
113145064
111171503
119864876
117763928
111724469
116884639
112763132
116596099
117159111
116942884
121325096
120476699
118494282
117773917
117403812
120762386
115572501
120195110
115368569
113248762
113819745
113759254
122267656
117282667
117637290
116912772
115873617
118214816
115496778
118190405
123559391
116778580
117137406
119220612
116347105
115448016
123984262
119227590
124005493
120183758
119479582
116433326
119483897
119795869
123001380
122087691
124005365
119190131
121882212
124976557
122764687
122360043
123079452
116780243
125346000
122001215
125874468
123995719
119357560
122885960
119608518
122516445
122516439
124024311
126444403
123671999
120019315
120440324
124436772
117945483
119139871
119056157
120804688
125408802
121136377
120723986
126391466
124094454
122443795
121470728
121269590
126646585
128275959
124956819
126498084
129389766
123720794
122391348
127035547
127495428
120223678
126977484
125630367
123546919
122797476
128036637
129917716
125350653
129226468
128550224
127158316
128618543
128361842
123432216
129048415
123744816
129619740
127852029
128288480
122169720
123581226
127098363
130505366
125414464
130790293
131343384
127161739
127368275
131813049
124052354
123238254
131538629
124639604
125184580
128359194
132535290
133056357
131447336
128877611
131884478
127445529
128836311
129263545
129985766
126826201
133438760
132267209
124961510
133298642
127037447
134529022
128234549
134478304
134310539
127040850
131799194
126434289
134678904
135603336
133237854
129955505
129621641
133982429
128976780
133474654
133919734
132570021
130391444
136290714
135488038
136662987
129124405
134136156
127205244
131472094
131886363
130643268
132211145
137212463
128661870
131707279
133882888
130383901
135565885
135573989
128850242
130626921
136201692
136607436
138282602
130538157
137553733
129535745
138794193
136017320
135674890
134638656
135854058
133169129
130571019
139547953
136970938
137050211
135394842
140268509
137576514
138087217
138048017
135240196
140415127
136309177
135394729
139616997
137311167
136935780
135163954
136561020
141054066
140971780
137040729
137342444
141077139
133043458
134089903
135976238
139261896
139137607
142193599
136596854
141556778
138708260
135558528
140602506
141246481
142314090
139834641
141654245
133663754
135733508
141579011
140772241
135366644
134745537
135275005
143427696
135656481
139063196
144233247
138192240
144652601
136336660
141507769
139701215
142278109
141877011
144412802
135583365
142350542
145623969
142694721
140211040
137099700
141992475
139323482
141864290
137691101
143959444
142594361
143623635
145620531
137431363
145318920
143180343
141315510
142647770
140716976
146576715
139965205
143058835
147075476
143560856
142877633
146568421
148180729
146369244
145110888
140424148
143981049
141236937
143690330
141443561
148476119
143921018
142548586
142140713
144784396
143877993
141836706
146818618
144939431
142508854
146275878
144267651
146416771
143500024
148379797
143867527
149705418
142051415
146640762
148709479
146747499
144751565
143391025
148718833
145662255
142332533
150830243
148626717
148188985
149877623
142397271
142168792
150959494
147078909
150752558
147324375
147474128
151748441
145695842
148671540
143843251
151418095
146977266
145402331
151068795
150381055
146813249
148220158
144886066
150266083
144705117
148899927
152322412
151201725
146522451
148347643
150499359
150405024
151549535
153401322
147419574
154512285
153044308
154087003
150955632
147090953
154018573
152338915
151888601
152053925
150517510
155244479
147870923
151435382
152067856
148693489
154882196
147049024
156163805
148320059
152152323
150535190
149407552
151665891
157028450
152304747
156519322
157481720
157579108
152713328
149240357
151797781
157355470
157296389
152672796
155508354
150356015
151807938
151723370
156709260
152539857
155171453
150067807
152399016
153322296
158563878
155505372
158034926
152880954
154597276
156714779
158416201
154488166
157035571
159309853
153212382
159842168
152621359
154018832
154127148
158194142
160506514
152697836
155859182
157140516
160285411
156635819
157098611
158249967
161081868
155948169
155222162
158403239
159533614
157186165
155592016
161380536
154215243
160319792
158592408
157975334
153759300
153249784
162725884
155272948
157921885
160287886
157705197
160509125
162308691
163721936
163934033
163955271
158244187
163503114
163056916
159943730
161026589
164070979
156351491
158434772
161678467
161211415
162653866
159317605
155980690
163809366
161571042
157995781
159102602
165768578
165715907
165322190
157083767
156694076
160542316
166216066
159928248
160720796
160038224
160124931
165317375
162324645
165191842
165551809
166687866
162270641
164146967
163000707
164040081
165991286
164162373
167307357
161084188
163110670
168326713
163628441
164634588
161371705
162645895
165796990
166805793
160758713
161688962
162504716
167335489
163126160
161973622
168239553
168811267
160952447
163986347
164523955
168266273
170274917
166696476
163703673
169814760
167191686
163431562
165087471
169818167
161704211
170122220
161827098
165817112
170936070
164101419
164402045
165960223
164677647
169749709
169404390
162704431
166906312
169526349
166394257
167783043
166072039
164606417
163986084
164204845
170879953
169288971
164401062
164893757
164230244
165508273
172665076
171947115
170717289
171546936
172801119
173476556
173884521
172221721
168520029
166821454
166554287
171485416
171921046
170101030
173429506
169477441
167526462
171045849
174003063
170866439
170550505
174151692
171400155
175841997
174778253
175889046
171595779
169641564
167794370
166902896
171420327
170966731
173601223
169239139
176788572
170361536
171502704
176987301
171425082
175969678
172282274
168235306
172584068
176131902
177207147
172734573
169438378
169873461
170843321
176839627
168943443
169398161
172962944
175965565
177368782
176586415
173581479
170084334
176749567
173830714
177180998
170915758
172426719
171133883
174249432
172701890
174421111
175999241
172367673
178545858
172554464
175797169
179680752
171278192
180002249
179144074
174893333
179206731
180693840
176827691
178249165
177478138
173937326
177306863
173477262
173702611
178850005
174966851
172823941
177574841
182196438
174609275
179742326
176798407
179693065
173822712
177380173
174830095
177670753
182491406
177492562
178135117
181058274
180279680
182296863
180058032
181457854
183558266
182003877
180770161
180998689
176707483
180658698
184422652
179259157
183366085
179040783
181723220
175780646
181291301
184637480
177219956
176445857
181101219
176786782
178689162
183295811
180826324
185542464
183984298
183137997
182620333
183052566
177257639
185931036
178754431
179677498
180499408
181202842
184988161
178258747
184806087
185981844
186945974
182862579
186194986
183020933
180111327
181210024
184838185
180140093
184991578
187734022
188974831
180653855
186361338
187213860
180263678
183680112
185370830
183791324
182748797
189040531
183473519
188995930
184472595
184851262
181204528
188609038
186658605
182172314
181701106
188004538
189804341
182057063
186370451
189737788
183491624
186989030
182336693
187465053
187056305
191690561
182856775
191053794
185423214
188909851
184797195
185146899
185275757
183358777
192020178
189732120
191690089
191247263
190270672
184119167
183713247
193171424
193008992
191039408
187004873
186024282
192641468
186896621
184568522
186315051
189752317
190758191
185702835
193361765
193578624
187707536
189507916
186573761
186902014
187000708
188461533
188219610
191842891
193563362
191278537
189195520
189692897
194367778
194710329
191924206
193437584
194625591
186989074
193553799
188826076
187336026
190436305
188963430
191139880
196206490
194559883
188328703
189931170
189998264
195795777
191622750
188867094
190702052
197676420
196950436
191896108
191804976
196874773
196907040
198355072
191185232
196931213
191294819
193479061
191141366
198579790
190147833
197044361
194479180
193240334
191608600
197714557
197105139
191048214
200070298
193812411
197413559
196712833
195923101
198706451
197193898
193293900
193956420
191655198
200156926
193230478
198949668
191866617
194891435
196204703
200179114
201503953
193340667
199605877
198327775
200558562
195808405
197607964
199746285
197193465
199972308
198148693
195947501
196526272
195914077
197733491
201334752
195094026
201803534
195642871
199543206
196587216
201977012
201864815
194439994
196080862
201805397
202247069
200696120
204515151
195856556
196567911
199396667
197386840
197079026
200557990
205259456
202102180
201914124
202426993
202859307
200731076
205426395
203428816
205896566
200401523
198423040
204178195
197804999
201166211
205399102
202958130
198432707
198193970
200281771
199041286
203261722
199010881
198986080
201642329
199652436
207932529
198591236
202753649
207072078
203161609
202570910
205080332
201107014
200720146
203829719
200114688
203750540
204077538
207957248
201522044
205725207
207034915
206038771
199954069
207086078
206923942
208383321
207565328
205012209
209154541
207110449
206156445
206096096
207755449
206844302
206879335
209226925
203248356
205006191
203552165
202311958
210275947
204020975
205101500
210212054
211824740
209065164
210826555
204250158
205925250
208067123
207742570
212101540
207701924
204327920
209562877
207749005
203315337
207232305
207937223
204886156
206166098
206612567
208645585
210645479
207277132
211590507
206211596
213018964
212383383
214403382
208379832
214443775
208751837
213354305
214729768
209740792
210941139
213261971
207316311
215030097
209534506
209135543
207276592
211438155
211488633
214583945
216266023
207599770
209345767
216465725
211014307
207572747
211070439
211181785
212140655
210136634
209275250
214021670
209583529
217233966
210637769
217183938
216666039
210464180
212567309
215971797
216064299
215798233
209114888
213786766
216488726
216282183
212163042
217409601
218773290
216296345
219297374
214914593
210515409
211429808
217852808
217433008
215280908
215657357
213472920
214439860
216494804
216181047
214796403
215238427
212546457
214098825
212128037
217050444
212876950
213968598
216103290
212023705
218520650
216611106
213709864
215892713
215972028
212802269
222016223
219674325
216217744
215932528
213616950
217917673
219271186
214978330
219956438
219939307
217480652
217747088
220251355
219995482
217655508
218829732
215065140
221857560
220159546
219136132
220875904
214929399
215396429
216067524
223057221
218852284
219027091
222221540
224891268
217257017
218674831
215996177
220685371
216816423
216709724
218434698
222459939
217391188
217458442
220166939
221259306
224969926
222758404
222746340
217184496
226314514
222972078
224110647
221173562
220791690
223854439
225891268
227119096
223697430
222054109
219888338
222047316
223080964
227729774
218985641
221990573
221045558
227855052
227418326
224270364
223888022
226242909
224909754
220725920
225430648
224518571
222502412
223541526
226039092
224952308
229256883
224609120
223670461
220736329
222134061
220551485
229608704
225016758
224922518
224616848
228057852
229381149
221706076
224559799
224474508
230684997
223336133
222131595
221561637
230021576
226615549
228260627
228766074
224782369
226407681
226835057
223854844
223460511
227446781
223151169
225237971
226063174
232353720
232076670
230274770
231742671
226676830
232314443
224484792
233271915
228711576
231302572
231919364
228887844
233387844
230496695
234020748
230442394
232190531
227525292
228121060
227293050
228442911
228589273
232020265
228479723
233798805
234153970
229466858
229050311
229177740
226079075
233118787
233227152
232113557
232257774
233266640
227288172
233900314
229312386
232193839
227255944
235924005
232553703
229896571
227361487
231612058
232434204
232362626
232942979
230803370
232214879
235060436
229426542
232482756
229528437
237940710
234376274
230481770
232132840
232445915
231292110
238120647
237283948
231667439
234824453
232343338
236492098
237788889
237400165
237504961
234748821
230347578
234434899
238735110
230334967
232575143
231888334
232124343
231100258
235576203
239988622
231080575
238682949
236017632
236906174
240289607
239170630
236669995
235897744
238462194
234444636
233064608
232704920
238129474
241009712
234059495
239438373
242107455
239416518
235047174
235479784
241118736
233799926
238150172
236664188
243143089
236975325
233566194
238279571
234810197
241081719
235389746
236669703
239879437
237395688
243210430
238046186
236266709
237253211
239279317
240820829
235877959
238596121
241998700
244621472
239331067
239663806
238539243
240721106
236433240
244655044
245236532
237116136
240705125
237088593
238437001
244132571
246223141
236689330
239117454
243819385
240813887
241609897
245733402
237211029
237546688
246510557
241870772
245611370
246643912
246962476
238149150
243063794
239692950
242158014
245106254
240085313
246783838
240574302
240483264
247716239
241457705
240967006
246894366
245735464
241836380
248624876
244707809
247994757
243615120
249286560
245711513
243290842
245774094
243211680
248463472
248121169
242917681
244030670
243507444
245246198
243083494
247332229
241341511
249458942
247804324
247202395
244863477
250691363
246108928
245275274
250172350
248164649
248451736
248780850
251899483
244972962
250422063
252062096
250958492
244406154
243314796
247727090
248239256
246815992
246188028
250287769
243576929
252020575
251406280
251371933
247241782
244931703
250285807
250912057
250702463
249369431
246787863
249442755
248301667
250596957
251000116
253381098
248022867
245415492
253692518
251671219
255130106
253870317
255163138
246788879
254851433
254321449
252104612
249698411
246924968
247084819
256143307
249744488
248726613
253878928
253284063
249163937
250636476
256757028
255513070
250530901
255301951
255649274
248845540
257166755
255507389
248890574
257001228
250226329
248205788
255800768
253560751
257927097
252075871
255889370
256721220
252638358
255853421
255165726
256078510
254358277
253591799
252184206
254741075
253969224
258192777
256994494
251054814
257289447
253346704
251497081
257323945
253773323
254407484
255411563
256467259
255100429
251800330
256845801
256137012
256830745
259654173
257519701
259733708
258891043
256916021
259546916
261651186
255227731
261564467
254493677
257048488
254853389
252632031
256771707
262553411
260232395
260164840
259605416
253298621
257904764
261894303
261559110
262466018
254086640
254057321
254527800
263762249
263591903
260658405
255195412
259554895
258390998
264471750
261889344
263328953
258490830
261578166
258037372
263494525
256205962
265200957
264888196
260214226
263553710
256959136
258751957
263448733
256481070
259272482
260621548
263634444
260313330
266073421
257289090
259290255
264659776
259385641
262775702
264738496
259901243
258741818
259721056
266565585
260810058
264242959
258931831
266875542
260632785
260772223
262989243
263705681
268268169
259560258
260351834
264092337
263925773
267004460
268393014
261935062
261999145
264477222
261919471
265267957
267550165
260710485
266329351
262802897
265770713
268726627
266757949
266817936
266448067
268030964
269109808
266134582
264454377
263547787
263693986
269376922
270471436
263752799
266525800
263302926
267057594
270876898
271253718
271646281
269291966
268125039
263070195
268943213
262769454
264950412
269614869
264752986
267570160
271885673
271017733
264044729
265595051
269993144
263522484
271951529
267951687
267863780
271601105
271877339
265197128
266485687
268991437
267065453
269809276
266114105
271768909
270314257
266606924
268808517
270894571
269415569
267985529
271181843
274147179
269702329
272880031
272161456
267498471
266483517
268296130
268792144
273329593
274149375
273694991
273289050
271801144
267024544
270775377
269294605
268316206
273791778
274386883
274134944
273243431
269940016
277614714
273514374
274507732
276373386
271649558
273123099
277526578
272827409
270967863
270350879
277251410
273818460
271731055
278570658
269830278
278004285
274760603
277999925
274590140
270267266
274414889
277172678
273864241
279533240
275641884
274703909
270692851
274742532
272893578
279145532
277245865
275132689
277211424
271554037
272009441
272674256
280440556
273035111
272883979
274741331
272443932
278003764
278018334
272838469
273179694
278187690
272856497
275044400
278025041
276963509
277118764
281213274
282504652
279707011
275927919
282488377
275008657
281745991
280914155
277900826
283691642
275410422
283051199
277808511
281170865
282794287
278830184
279379416
279573450
275967767
282757857
281931305
275579387
281898826
284350988
276349871
278939278
280139059
276987767
285523682
275990069
279448373
282362516
282068114
284064894
278144422
281471036
279574106
284686837
285715652
278600976
277429169
283563035
286747429
285948218
283257529
284327931
278297380
281315830
280152666
280685339
280932646
281187698
278210352
281117027
279297777
285905568
285035576
281631860
283766601
285798366
288530922
281156018
284638570
283522626
285096393
280019900
285498236
280157723
280385148
280228417
287346960
282100729
286050103
288213576
288969565
281400892
287132632
287892584
281409432
281125792
283254477
281873627
288880669
287328241
285700775
290729864
289461409
286768294
289218926
291627948
288723774
283527339
289775849
284217063
287369297
290276579
291377920
290212822
290419711
284897785
285368153
292030195
292627428
284916149
283448566
290876121
288301465
285492694
289507172
286251495
292263733
289019039
292756383
294062252
293716515
284366175
291540990
286429141
293322847
286060108
289940527
288179757
286412694
291734819
291407058
295244256
289492408
291295683
295416405
290597519
286409501
293473006
287903619
292423991
291591428
296258351
290109320
295463924
293128775
294180019
292872237
291981077
294953415
289325910
296297080
288994330
297233939
291059865
289635431
287849762
293137728
292064524
294355975
288391582
298067611
294506074
296517788
295132801
294840403
293117019
297655919
293927815
298828554
298380086
290016239
291300390
298233044
292208961
292385823
293595932
295430437
298959389
297959756
298469355
298397080
291031559
296331277
293080127
293436693
291466662
299037577
297147781
297481368
296284847
297217589
296643837
298712254
296639663
291882977
297002097
298227512
292449391
296260027
295735726
297770573
299392155
300666555
298337599
297328464
299378230
299460675
295351451
301727008
295986757
299934627
301469478
299072033
294591917
298884152
303191846
299351339
301007930
297078967
296852727
302645149
303623103
302060147
303087248
296529842
295986487
303148190
302277055
297092272
303515586
300755670
301275716
295766527
295921422
299533227
301693769
305015455
300406381
297508155
302037528
303770044
297630225
305555132
298471621
297120164
301190489
304194153
303561859
306562464
304801954
300255795
301849221
305538441
305930051
298558353
301068095
299467081
302484006
299573758
304526298
298916163
302865556
302257740
304145813
300955991
307592345
303473949
302836126
299775082
303421840
300997329
307916822
303705893
302585806
304812775
302218761
302806960
308574976
309202348
304660344
308007338
301294142
305838325
308301705
301014317
301377578
309905576
304134453
308513141
305926069
308965852
308172590
306220669
302978097
310148420
307447140
304819349
311087469
302655115
309521697
304509147
310322483
306331655
306104764
310134117
306803025
310713087
306281079
303733694
303525665
311192761
309738979
306023371
312090040
312671639
305305742
311369467
309868253
308409230
304751484
312976131
307277793
310337430
311335370
313225152
311499326
313776878
306581088
310949307
312354870
313283265
313885762
312837350
309528994
311284813
310524082
309880358
315234474
313016357
307610802
310102394
307491271
310716265
311321624
313735919
313918378
313871079
311724938
308473739
310178574
310410572
315092665
315838859
316230294
311865325
312334945
317189940
308489167
311091705
316672442
310611975
317828489
315753071
313245730
312397163
317416719
315093441
316326617
309657898
316871036
315857530
310807692
309538446
317693316
310316687
311242537
318950602
317776801
311092012
314405032
319160034
312692696
315722612
310774958
317183984
320160954
314043822
313415222
314378173
312691408
320917093
314560085
315652516
312413348
319737488
312194375
313608830
314375239
313538855
316608638
320821204
312306901
316684034
315156274
320220939
316491892
313546238
314389972
315290931
320087924
320129118
321210066
317997753
317801087
315975408
315570396
318027350
321519230
317532419
316084016
316375525
322221224
314547314
314718224
323616668
321819242
322781861
317971076
318431618
320914033
321624268
322403754
318139722
318382451
322404897
325054874
324062938
324988126
321077281
317569010
316462862
322095771
317636274
321338507
325588763
322854112
324956690
321714520
320731766
326470610
318040455
322195640
322151574
320954411
326327110
325692764
326142796
323885849
319893265
324796920
322187528
322608475
325996911
324434000
326208116
321274304
321526841
322370353
328495614
328664579
328622989
322966756
321684396
326877994
327029379
320948521
319813154
328367912
323643434
327499261
321033816
320609534
328173435
323831578
329749911
328982445
324815556
323871240
326860695
330924861
324175725
328065689
322142423
330483604
326274499
330768394
324933546
322500649
323644745
329100795
328767706
329757309
324991329
326343397
324761144
327722534
324807961
330900817
330411209
323921421
324561188
331836424
323608994
329499523
332081920
325712111
328570789
326614348
329672856
332020935
334025695
329448506
326581006
324985863
330468820
334291134
326884307
327568407
329859297
329579856
330080168
330353386
332326264
331155185
335043883
331199417
334285251
327363453
327440354
330520815
333216078
326510537
329841088
332366628
335881219
328712774
331873463
330788794
333887644
329556733
330841086
335889101
330148925
336525147
333117245
335879550
331023650
335249028
336567045
330214333
334735560
334606140
335099808
329341472
331321159
338641148
330485801
335557538
330618594
334918979
329209195
334822077
330395051
330674922
332495068
339094859
330214972
333857328
339359467
339201097
330524969
330349667
331158104
333969333
332993730
335347185
338265171
336961392
340275207
339932874
336928324
334930650
337827894
338773113
339438703
339776031
341482839
337939123
337203844
337794859
332407265
336264091
340008874
335788485
334628900
336808085
333421410
338152434
336246117
340458047
339614381
335965967
338795300
339663627
338464362
340109208
335667148
342091294
335447457
343569493
335264281
337203460
338008736
337108450
343831795
342837165
341507856
337535665
337978559
340571544
344945694
345065337
341467603
336304270
344324241
339474765
341360652
341084924
342765681
344555586
338964121
338734714
339829758
339798932
339552197
338720221
338289717
339721367
340344823
339584995
337227954
341976617
339217818
339188153
339093370
345940556
340586013
345852699
341755526
338629708
343872324
342832710
341146919
338939893
346445562
346536255
344502952
341345432
342733695
348069675
340495217
339749048
344065480
345808039
345126335
344513753
348318943
348032674
346665219
342842124
347171570
349510943
348927080
341511038
348208807
347600686
344159296
344107699
341646585
349699257
343065954
346675096
345897910
346277991
345775975
350520310
349200666
345422210
349052896
345149418
345099093
346841185
347807265
348678762
342752574
350999768
347203056
350436149
344653872
345805687
349203953
352091340
346233063
348235762
349917112
345671103
348331959
344050628
351847273
352829742
349762814
349149500
350139228
345539129
353970483
345844747
349995552
353897223
352314102
351683558
353625943
350392193
352597705
351751899
355363084
348871201
353232650
351537408
347495710
349957514
353754862
355342585
350716098
354235767
354308914
349483172
350340394
349481229
350819840
348646573
352316782
351599380
349986345
350082674
348024026
350796831
356745074
349926852
350240641
350325884
352646568
353492752
357640845
348552144
350881208
355408442
354059595
350962766
358664298
354153309
357103858
349878442
350503470
355527784
359372930
351059772
352569882
355908625
350616613
359689216
356429136
358742434
353012193
350623427
352830436
353716959
354993451
357538507
352421819
359545057
356136291
355084345
358661862
352145906
354430873
357374475
354213865
354014937
361231983
361937600
352409913
354524345
357947724
357371304
361133240
353098712
360444163
354421431
353117399
353976657
363085792
356370151
357195118
358767048
359983523
357840064
356045161
363198790
362390118
363870476
362832075
361978406
361423311
359168628
363136204
358107947
364533759
364422960
357529962
363083694
355287911
356886130
359954543
363178976
358329935
361072913
356371579
357219736
356200303
362981000
365093327
364425736
359791002
359499237
356766466
357786200
358233258
365340402
360031550
364371421
363261103
359045378
361308837
364293743
358289362
358726969
365678408
362319805
364539111
366470118
362662206
358434011
360679494
361856613
366846925
363510359
362862177
366898629
363547037
364197421
362702034
364660359
362590696
366498136
366105040
360000850
365680923
367169137
367050693
367755398
369370207
369194112
368778761
367217461
368438641
365087203
369027233
363197123
364242421
364051217
365919799
361557839
367829355
368328167
367109508
365791588
368283797
362779216
362680240
362479620
371748738
371176528
366320532
367193673
370886497
362911272
368163407
366405629
370536536
363729500
368353557
368332700
368461603
373104823
370568263
367427299
363951118
372126705
373910246
365490627
370725075
369770100
367151124
368489066
368225139
371845417
368539110
368701376
374072640
372957582
370104605
367286429
372287746
367373003
371553299
366837199
370773485
375642879
366239889
366350142
366383322
367857733
372299184
370229781
371206750
371727933
375470393
367232734
369535098
371766912
374853909
372302171
367824939
376596611
374748855
372979729
377536548
367913617
372551078
371703954
371634624
378219957
369190346
375237319
371271558
370563340
370499070
373299064
378538977
372096949
370502658
372481323
374799124
378776316
376102074
372771981
371744926
375045389
370274637
370934978
377343140
378142549
374693741
371428127
373457181
379929165
380179887
376490106
373139369
373594321
378140311
375622349
376042233
371986706
380112290
380194634
376685454
379097761
381166417
379419787
372227317
372935773
373938560
374282324
379456983
375596421
381047767
378548014
378922673
375104127
376488804
380176384
379417638
382088770
374329096
376233475
378655350
374563529
376120752
380169489
381404146
376724037
379183190
383797356
376105658
383006670
382901246
383582069
380424582
376990556
375508214
382870971
382937543
380329809
383769466
379735489
380217081
384247810
380835456
384046959
379270855
382457386
384160025
386274570
383859851
378556196
383901526
379015423
382983092
377534096
380265799
385291767
384278834
382683315
385385322
378006893
383139417
382269357
387831793
383445663
381429622
387300337
386070145
382600377
388078686
385828767
380763610
382752581
387783473
381625529
380092477
385055670
382173402
384706207
386653663
387400735
386882787
389664590
386368318
382479093
389450983
383762550
386948868
385453177
387744266
389392621
381240178
390451721
386002482
388207046
383485978
390994338
381463355
389955538
386466129
390708111
383853097
385191109
389839034
384042625
385333204
385636851
383941528
390887664
389300623
388967057
383670732
383127130
391519198
389763805
388067682
389458645
391156315
387528584
393185902
384859531
392913582
390665503
388515577
390163921
394028516
387005837
388174940
390680948
386662477
385608545
392309247
391944470
387070894
388760613
393769386
388150443
390438269
395343720
392534743
391538462
390752992
394472862
391265856
394455868
388876852
392496240
394031815
392546110
389441188
387959410
391624670
392656943
390699196
389430637
391885408
393958968
394196035
396668915
395269983
394639797
392126049
388094992
393269138
389208467
392271274
396355912
397221829
390229233
391786753
397982502
395517342
389860394
392452490
397148736
393362797
394047281
394901647
399069035
399021055
398221343
393938946
396624429
395161449
395613876
396889054
392943411
393820858
394707500
394266054
392022804
398407682
391584262
397967719
400247871
394877224
392022419
391440993
401434596
398340268
394568866
394755024
392808535
393662121
398355980
394937566
393833344
400753474
395822289
395642624
393018177
397336291
394375164
394386190
402830550
396269519
402038022
396181035
399530437
402792479
395342798
397048005
396275404
402840990
400067256
396991700
402115223
399312208
400184541
398754392
398449269
396039077
400348076
396408023
395963595
395882914
401856109
401638443
400940568
397105325
399609056
398429644
402999669
401044147
401998443
403442253
400414006
397320427
402986648
401832272
401848012
402096087
397375839
399244806
406350222
400067680
402256327
399219966
403140795
406544797
402765881
403786779
401934520
398122267
402250810
402910819
399186110
401002731
398642512
401845329
404135148
405012885
405424192
401197974
408420889
399305284
403624605
401671921
408528541
406868094
403495032
403969624
406578936
409050084
409917616
400278090
401012093
400629664
408696265
401572344
406153011
403677705
407031157
410788852
405225628
403152545
408940314
402687552
407063809
410933683
409034246
409315501
404111261
406450737
405852909
402325929
408438535
406873027
406304303
410895010
409926657
405509068
403414857
410709766
410971532
410071787
403428069
406167262
404261277
409040104
406114872
405370788
410406224
407442477
407174652
410026941
406856868
413737066
404849278
404892696
410431218
412181708
406885035
412986653
411808812
415150848
408387561
406324460
412329964
414541979
406829759
410155918
409760972
414707586
413483766
407239364
407639506
410983052
411626460
411629377
407394995
413781548
407936722
410891859
410039111
408056669
409921336
410941289
411870944
407829024
417197109
415062934
414325205
408437828
408263854
415288247
411328647
418372070
418417145
413708118
411205005
414011743
418893012
414335782
410444843
414809485
411481455
414665510
416996635
414459724
414588370
414140230
417995231
418832638
416022478
418259675
418634638
414681643
415137358
413222785
412989609
412614085
419113287
420580437
419203157
413383965
413953424
414914243
412583264
414018115
419778493
415100297
412899238
416784139
418092134
417595291
421801592
420936947
419576416
416662835
422030171
419865776
418866546
417928663
414220551
414261106
413901884
421304737
419977584
414246465
416581675
422358511
423047219
416402973
422616755
417047432
415711203
414884014
416409514
418866726
416026099
417125399
420606361
418277938
419666629
419521986
417256953
420317875
424799075
419709611
421720187
420325065
424461480
423133918
424835944
422348638
424248806
420489199
420321591
422128933
418783694
426160163
417689168
424863078
419524392
420081280
423159909
420059524
423123603
420191995
418517660
419641107
419666908
421424112
423257066
424343779
424303125
425732564
427367341
427917743
423074987
427472292
423149967
420505872
427796783
420807743
419555430
424385730
427404150
422331930
426903794
421700679
428694816
423583720
421240229
426815774
425148420
420961601
426453893
422877375
427800771
426372290
425062230
424709117
428336731
429812898
424239274
423628025
423882208
425506197
424966246
422793396
426798853
427633060
431697067
423084167
427970126
429840371
422519544
424894699
432001164
426319294
432568815
429413213
429304295
432715798
433128797
428814894
424643677
429818560
425995777
430308908
429255740
431821926
430499245
424988113
426136980
432197739
427241917
431684038
433032723
433304450
425147533
429164630
427952460
431660295
427820357
426885177
431314987
429471374
432011240
434985719
433284510
430551711
432563207
435221456
431977513
429282035
427150944
432872292
431690359
435272857
433323054
436301369
431508962
427464078
433558860
428179375
435368567
437449846
432563477
433448990
431773265
431900688
431460304
428611848
433060780
428553962
428668858
437099752
429557597
432163769
429627627
436657770
438564530
438223119
430557029
438789790
439043547
435385635
432832766
433263061
439372449
434668256
437640565
431434684
438681263
430547700
437011928
438601377
436467022
436286228
430913376
434411422
436898379
434883903
440626500
435891476
438325210
440008245
440377509
439372709
434080992
433718079
432585512
433306205
436626162
436871048
432801284
439551212
439134769
440220336
440708904
438752629
441463493
439568648
441197793
437619372
435388050
437329646
443104233
434160372
437142017
440756969
444050033
441240043
436051386
437412243
435427057
443026733
439533197
440322881
441157537
440739253
435316364
443894858
444280813
440325534
436411681
435608253
442153596
439955064
439252435
444102280
438186862
439178936
444820244
442402376
443782543
437474706
436856000
444643473
440055585
442425679
437440110
445550983
438756697
442057158
439088859
446627009
443283403
440298367
444085441
440247319
441003418
445013446
445411551
446580883
439897179
447377024
446985756
442636585
447631148
440816932
444254080
441398070
444217326
444188173
447246888
445788262
448231734
447246194
442755806
441085951
441212531
441816047
441399063
446535871
448831345
445621049
449473525
446994145
442845282
450428052
450825269
441568986
444489063
442750238
445594949
443303456
444920916
445505396
448429680
446486310
443192462
443021436
449913207
445332594
450931068
447199655
445350983
446443330
444286535
443389479
448296695
448103059
450212108
448369352
443969334
448155061
449690973
445013922
445971286
448866642
445125067
448229729
448554117
448706900
446308809
453405686
446403264
449404079
447647416
447443310
450055728
453213473
446342593
455340062
448196080
451028571
453216467
450405283
450559671
450629018
451170415
447932994
448660807
447081341
452267452
448983174
448273080
453119788
456868027
453099439
456396655
450357982
452679406
457364043
455722668
455868623
448570830
456216553
449403101
457551951
450249379
453475368
449400833
456113219
456700003
454008959
456603713
454504569
448978556
452882024
454315227
450252696
449715701
455262074
456545184
453065672
456379288
450035439
451853025
452671027
452561765
459705754
454166515
451928736
454183785
459329524
459514871
454884160
453805760
452925693
455749202
455448149
454671496
458815680
458004530
452988187
454874409
453900022
458760422
456976224
453077407
453414921
452440261
458351871
460381252
455801636
454654440
462652115
457709592
454604295
456350243
459820244
460831726
460285348
455587883
460011307
459832576
461715200
455793794
461671209
462732333
458555050
459474900
460809826
462578413
456911708
461308423
464214084
461247639
461360489
461712191
463103307
455573839
461780451
459902160
460852844
463020278
462845490
462183151
458898571
465264255
465815793
463477007
462347378
464247919
463677071
456706309
462284995
465553928
457466694
462809189
464231254
460896393
462744092
457544123
459322696
463766873
463962431
460043418
462337891
465687929
467532194
464282030
461758226
467728388
466371380
464644709
463148917
463412300
463087665
462469629
466269051
465909124
463087348
467050443
462302680
464056056
462843108
469490719
460543345
462407186
468807006
464341173
468307320
467388636
467873989
466803062
462854665
465735007
463405707
463950727
469026916
465524057
462944261
469060784
469369746
466130744
464023257
467502404
462389636
467146822
462320384
463255042
463230622
470349146
463727363
463917742
465656264
471280365
463682802
465407308
471907733
465616922
471533827
471251939
472870607
471735954
464501511
464474271
466466019
464583160
466523656
465484809
467606088
473116803
467535050
466557086
473198896
468120103
472555739
468105431
466261163
467253682
474537324
475176099
474169478
468305390
475515978
468078948
472260283
471443198
467924934
472983503
469504154
476092679
472561585
471721436
471291270
470794075
475239565
477047386
469956353
470818133
467541785
472847340
474979228
474913023
472422955
467941257
471119311
476027441
472711021
470768106
473196253
471415078
473513594
470630291
472641523
474160808
474889598
475252998
474023187
475738711
473034313
471585477
478408222
470655971
472976969
471699097
472730550
474633744
477844803
477387014
474208625
474663570
478501154
475214400
471483852
473303783
473289387
480995097
480091317
477926315
479601982
473172110
480285431
476848879
478578224
474069125
476599259
481617180
476121371
481392952
482207783
477771732
478807566
481324042
479081825
474292208
476842439
473162471
477193962
473649513
479352240
477624677
476978768
476505908
474270180
477035854
474231371
480854917
478485510
474546060
474786377
476850225
476028181
484201655
480652967
479207538
481901291
478323926
484596382
481929674
482163690
481018670
484750598
483115122
482992214
485813204
483903097
478924741
484738758
479626387
486144073
481550599
486494574
479919679
483942093
484788367
480396431
478765408
482546848
478040238
481505929
485256790
483542242
486239117
486734748
481702623
478565638
484266484
483243483
485801116
478606783
478657221
479789229
480604963
482701596
484156395
482920154
483859731
484658688
485954266
486956995
481064478
480977412
484469561
482983355
487452985
486252708
485932599
485128168
481760486
484642839
489916458
489676809
485692142
490281214
488775783
487833017
490208925
489195726
485183918
481657013
488771291
490898234
484392093
485781335
484711341
490916165
491009510
486236228
490567413
489273366
486662021
485751626
488917174
491847676
483910299
490894015
488724713
487970583
489960238
491900415
490838330
493346183
488001618
493150946
490345638
487948492
487767466
489432052
489740348
487608119
486630473
489589969
489221832
486489053
491525614
491268508
490564045
487685998
488974068
488197719
487119627
492008604
489576140
490094491
492274442
489735995
487054391
490430378
494875733
488815049
491361035
493379967
490632671
487019781
495738306
493416078
487953130
494603028
497296525
490318844
496267648
488610060
491613583
497411726
497081613
497466475
496867013
497471447
494820812
489084606
488686873
491501058
496015730
498713548
496348086
490717470
493265084
495491814
495736676
496510705
498765778
493815585
498159288
499030736
497183210
497969834
492704391
495197184
496508943
499218439
491418651
497803330
496219748
494230526
492381235
500630531
498337111
498726834
499495152
500771120
497663180
491923673
499272264
501788055
491955997
497613932
501363847
501660711
499098635
497589114
497853910
500083954
498459898
494295310
494126171
495225729
502780321
500679813
498346794
502316069
501240932
502718122
496653747
496434371
503552093
499363156
496131172
498788296
503253017
500827527
504046543
495228730
503932000
495647319
497893785
504670473
499811345
496924427
501155129
504947782
503094833
504994722
502309323
505341924
503569515
501416613
504770229
498303773
502424498
499113937
499512871
498507711
504976693
500764279
498422401
505676562
498984597
504668890
500445406
505982665
504636470
501693034
505444742
506495503
498877699
506362928
505559328
500923357
499285692
499139961
505759919
507226962
507132351
507897691
504401664
508581254
505009505
506453474
504751381
500591877
502975273
509225663
500273067
500462919
507346787
509975695
503282189
507464485
506572987
507429526
504989645
504884234
507443514
510535724
508411420
504536420
505631845
510799286
504412979
509805776
503076215
502016665
504030279
508554095
504450443
509628111
504134048
508217103
507264626
510923035
509186345
505317061
509178257
503571943
509156367
512089741
511365793
504538435
503660122
509653788
506780857
507757750
507432001
504867078
512021805
505672707
505628597
505240435
512756903
506355268
514150131
504681276
512258315
504980725
506869108
509952426
509318153
505579690
511380461
510438346
508506784
512429633
508873941
509246489
514746981
507357129
515679514
509276049
514522587
515841706
507960011
507758157
507819721
511981299
515534207
508707881
511095780
511560454
511617708
514397771
514370217
507634968
516931818
514822423
514228805
509424344
516263668
516499484
509224493
509301812
513427733
513905557
511776594
516915894
514367433
518499985
516035740
518474032
518824411
514382320
513446529
512480521
519378253
510929084
515405789
515223038
518524527
516915129
515113627
515291517
513795544
510984986
518932517
514626484
520784006
511510099
518407731
513260185
511402285
520515152
519987463
517678036
521057465
515510461
520689623
518527812
519379177
516285851
517125917
515311200
522404993
515583576
518987829
520229841
512946281
513940775
513846012
519807751
523056475
520966966
522017150
515380433
520789848
519140661
517753208
523521403
514950495
521533927
516812395
520984794
521584856
522445696
515553437
520141437
518778511
524047432
520603519
516991238
523984057
517780729
522461622
520991604
522034683
523829245
525151179
519193169
517642495
525134295
525709746
522662908
522025029
520883687
522816809
525993804
517867744
526630208
523358888
519480443
527145939
526871150
526536722
520349002
522249852
523765941
520616983
526943796
526833566
524059539
524898750
524552711
527755027
527517934
525984327
524827265
528698114
524270372
520108537
523913895
521296568
527220879
526780016
519890632
526322866
520942511
528849153
526423897
524407171
523538013
523475533
520510013
525918449
521220988
521519425
523498793
526194930
529037278
524057179
526865158
529788227
523210856
529159482
526492020
530249709
526068394
526527916
525829628
523559691
527597031
524982727
530408567
527651644
526999460
527596933
523096141
530972140
524988359
530818537
524170250
527440681
524911181
525154498
532574136
524143607
531116383
525395855
528513378
526720786
532927156
534072524
533968838
527515882
528408596
530843623
531530300
534556191
530016685
532079347
534224835
535110621
526740530
529184448
534637535
534538239
526661219
528244072
533779705
531511895
529026135
533545224
529391981
534284377
532201498
535019218
533733462
534878280
535042776
535287269
536786471
529399915
529105453
527740202
534599532
536083977
537404847
532423773
530643898
534345966
530536240
532229107
536894045
537079187
533151103
530057784
529629635
532923462
529684491
538240484
539111881
538966976
538851453
529980988
529737540
535596405
536725934
535734579
537839776
535579739
539564578
536556937
539197270
538390509
539215658
536490497
535706052
534473851
535125139
540423239
534664027
536391092
533329374
540003974
540453986
535692264
541312255
539840246
535974963
536878152
536832034
535167315
539787261
542226559
541433983
535022517
536848902
542598715
535657373
541643535
540771904
543153106
542338675
542115873
540020919
539455883
539597077
539008717
538308431
539066724
542913528
543092729
542937190
543011858
539342363
541678799
538945358
537545931
544529534
538684025
544672539
535853138
540234435
545211163
543980332
537739486
541205351
537214972
536579389
537244224
544778424
542085857
536899182
543149764
539966909
546389342
543175059
539641727
537652502
539242639
544713743
538053135
538496617
544986168
538509730
543891356
546099081
544186777
540383618
538740556
541124441
541371548
539777462
547485720
548303549
546901311
540528714
543686981
541913532
544302471
544306877
546057356
540536464
546711680
542951757
543902783
544505584
543778495
542412467
546713568
545440053
540890000
543804204
540636132
544724721
544235890
543357943
548483878
544058606
546026859
543976443
543323238
544906634
546993601
543239845
547459879
550008426
547645186
546954203
543041382
544066747
551148505
547171816
544994503
550900714
551499908
546135426
552062107
552000161
543226257
545505277
544090751
550698007
551645544
551853528
553308152
547525548
545042807
550560992
550790489
546537977
547176096
554258615
550198902
544740028
551350255
545063095
552088829
551559710
547624361
550828934
548123051
552113805
550580821
550050806
548114768
550400650
553092868
547691483
552355807
546797803
550470477
549603816
550062817
547026799
550963973
548090408
552071324
553841249
556518286
553031428
552226097
549086139
548979547
551199676
548852911
549850920
557547807
553195601
553848213
556490244
555213311
552496520
555957672
550213714
553729423
550357080
551592995
554569639
550616503
558915685
549366258
556145725
551265497
555974568
558444504
553501186
554838978
552589392
555284513
553870474
556702140
551021746
552100333
550775070
559923331
559998666
559981480
551718045
557713676
560927556
561208146
560079961
553232477
553566598
554047971
557951698
551987516
552184424
560552228
554649739
561453767
555436853
559460833
562389289
558210912
553838867
557608678
562619521
560605278
554495724
562361657
554188931
559162406
557382933
556245246
560366598
561589950
557213019
556154816
556871637
555763487
558784603
561962805
554685189
554776579
560719299
564054982
564863718
562630401
559993851
559418808
565020330
557658746
561253568
560885349
561564917
563430772
559791674
563972948
565353179
562923212
559150298
557881338
557021107
563140761
558065299
562386007
566412987
566670859
562411868
560842487
565163026
560533338
558514739
559821005
567684681
565878079
560012766
559375560
566539681
559874864
562732199
565447665
566109005
565726149
566364086
566088958
566332361
559895052
564401510
563737150
560143909
563213505
569392988
566272986
564487602
569428849
560051945
567718189
566594591
565457879
567496833
565900639
563180380
567598784
561229037
563281041
566859864
566270007
563038879
567985635
563473304
565120948
565821281
562090522
568246921
567405265
570791499
564080655
568217649
569539804
563512353
571967131
568689736
568208306
572583033
569754369
564643386
565701378
564961361
566050014
570952717
564993610
565179772
570958252
568821758
567237050
570642147
570482328
568316412
573600898
566439614
570857687
569466045
568319914
573561331
564910923
571988271
569606723
571397292
570468129
574555118
568867360
566796024
575356501
569698507
571063118
575611274
573575907
571257613
570702145
575094332
575820899
571296656
572507264
568012069
574349478
571301989
571913597
573093174
569304718
569321493
571197825
571906533
571832203
572378440
576503466
576148612
574901650
568533821
570226353
577331061
569605802
569079180
575206763
577055481
573315037
576633177
578631084
578230090
576295010
574529912
577012574
571174743
574255305
576149817
574732853
577236452
577400018
573412856
571267321
575113334
572410844
573037682
577967586
575276684
576008804
574385669
578447226
576479856
580974811
574392207
574169426
575767083
575217822
574477648
573512560
580234713
572620355
576753022
577156859
577567558
580383084
572603169
573432487
575300078
579977930
577895113
577336533
578021568
580392859
581453282
574271385
578584153
579144952
581776734
581902192
583161351
580185560
578992683
581178846
579603279
574779626
577536447
579171089
577243462
582771005
581079257
576279596
578019013
584486146
581581797
577716166
584240181
580193933
582422050
579827481
580168748
577390708
576355381
579195493
586144413
578647811
579320157
579810150
586773961
584328544
579018843
582473492
584591647
582662476
586186085
581302046
583708052
582119136
583493603
584752974
586250656
583997147
582487627
580455356
583806747
582721258
580924558
587258892
579544841
579318894
588845028
585134068
582461306
580018080
580250082
585410391
585100068
585140558
579974810
589813453
581193900
585527737
590074943
587858320
587955562
585819681
586259047
586818593
587683341
586024962
586413477
587337583
583321189
584458167
586119858
588182063
590137643
586661296
582383732
589347343
586743825
588696293
589513593
589640697
589005418
589163831
587380135
583004418
592684470
589333995
589348758
592352259
590981008
590023170
591053679
584740967
585535987
585018867
585113114
592636064
590709467
589177873
592370646
586076440
589978104
590278967
586317285
589474527
589107612
594191684
589511458
594520983
589807221
588437739
585508280
593059087
587186328
591170268
594323059
589947248
595172775
591359035
592026368
586592148
590592203
590087954
589714139
591298179
596166860
587503863
590833627
589517735
594585983
590410997
591427978
594353787
592775278
595491196
595103132
592548224
593468226
595992530
595128026
596878411
591569912
596649799
596221500
591022710
595435504
592710397
593289077
594950026
594483774
596448882
592858611
597168976
598362005
593463587
590065496
592095070
595438770
592722537
595382656
597414677
593305754
599503315
596060485
599061691
594897464
591913684
598147244
599836903
601017915
597824688
596575182
594888160
595675880
595944782
600188080
595377826
593178161
597245954
593128942
599396638
595414035
597206165
594008647
593134189
596829525
595893289
601658161
602114139
594342748
597930491
602487716
598883834
596887462
598034174
597474518
602723515
597184632
596297625
602943560
599288713
603918364
597910201
602282295
595954335
601936681
601892898
600628056
604620874
596683341
603236956
600125874
602504254
603016812
598936760
599142370
598676509
596307780
596375294
600995575
601442778
600386232
597624889
605009259
598307032
599075120
597137122
597670788
606824295
603306820
604936308
606073080
598427651
599860428
604746781
601571684
599368414
603726211
605120103
600397417
604236865
602218149
605591505
599589676
599824065
608634015
605721975
603802004
608868602
605141015
603639272
605860638
608157165
601292504
601837309
600102970
606210328
602533423
601201603
607239143
600789764
608089941
605292517
606701586
601077636
608173589
610659171
603202395
610701970
604119175
603486529
602570006
609083887
601669364
604800509
605557085
608004498
605396869
606266109
610094974
609848749
604257029
603053366
606563266
606267010
612644703
609778362
609670660
608712323
603416326
605632371
612679684
605963468
613056197
605368408
606245151
611136740
607974002
609124134
613732210
614208909
605366949
609341896
613779171
613966419
608573575
613920788
614663891
605296783
605968516
608800087
615376362
608458174
613797945
611977742
606595507
607230189
607690240
608933916
614919061
613338379
613014981
606853371
609184600
608299192
613457110
610793329
614871890
614696401
614786615
611353589
612521183
612805458
610593078
612525628
613618798
615693777
617993928
611033777
609061102
613222599
613367306
615676096
614961754
614727636
615601572
616004084
610023685
614077830
614347365
610710688
613883352
609784259
614323586
615229406
614425411
610977809
615158493
612905745
613032417
612785815
616024811
615082551
612032128
615814065
615813554
617037368
618777189
620183906
611252585
617509222
618157133
612210841
620142495
615457270
614170176
613594376
613141759
615341422
618612027
621305150
617902025
620962799
617356804
614625058
615760545
622389412
620962306
616962834
614597427
617639500
614619594
619237131
622637842
615349603
617464851
618215698
616704290
615555044
621532906
614779368
615048941
621857810
621112064
616883555
616405905
615583811
617413917
618419129
622573478
615626662
625202589
620917287
621174434
618648556
616250951
618022151
619831727
617449743
625037984
623789445
617664234
623315691
626559784
622104234
626751258
623314243
618496232
617161980
620447755
620493452
623444247
622479622
626056689
625166600
619520985
622997805
623006104
622832280
622684417
619849976
623300551
627061062
623428378
619883674
619607541
622811835
621073755
619402213
621157953
625948779
620136510
625098378
620002255
622371485
621493273
624964734
627446336
621246708
620356547
621992715
626791865
625692405
622201753
626787754
621536699
623103467
626981069
624901649
622203916
627381258
625314501
626012348
621846010
622727884
627762120
626335905
631608282
622480733
627163846
630190891
629409289
630252709
624074738
628607612
623348376
628519827
626147757
631225628
631656838
626359447
627485066
627609268
629905470
629335380
633117994
631261284
633917434
629936735
628085007
630981749
627033506
625695122
630773625
625365522
628291703
632144002
629818537
634747288
631973178
635293536
627918664
634074262
633289691
633287644
631705325
630540321
631118438
628587488
627153204
635725123
634834764
635065633
634918106
634387488
629266770
628622326
635166029
634275810
636825458
632247525
631345570
636754814
628319417
629574992
628297066
637374143
636013860
632111650
636344360
637889658
638381117
633044645
630111855
631990578
635149226
636507250
630076879
632887282
634924200
629943966
636804410
630440399
632873641
630346969
636444640
631577317
633231817
633423866
636524849
633127492
636320306
639813954
639365350
639003920
637549468
635209667
633466660
636243594
640502559
640664654
638084254
638019722
641556552
632074373
633707298
636023351
633045010
640344465
641252944
641681339
640293931
641762116
636422136
632717046
636353820
638784094
635357547
640943638
642860625
634738638
639081576
641764297
642082254
636746887
637093126
636611409
637352130
640594287
641326150
643834819
643187381
642166666
642255771
635291480
640117981
636880050
639952606
641252892
640722939
638116083
635451919
639698540
639114005
636748219
639254099
640780472
643063017
644728949
637767144
638316788
639473813
644421220
640578606
644341978
640001951
643969383
644473316
640592867
638697364
641649315
644615999
638887326
641638842
644690245
644433421
639888803
642347527
644317178
643871930
641133227
646542113
640304506
644546166
647600700
639402485
646253270
646789637
646921839
646355870
646169362
643812386
647643018
644784666
649251649
640001209
641848527
648812995
645007459
650038472
643306456
645110025
646625326
645197273
641914910
649657283
648813864
647270700
648608165
647843072
641742902
646763612
641572649
647311608
642931048
647804982
649870184
647787055
646636744
647499681
647299170
652084213
647123127
646994463
650506315
646056807
647572635
646227846
649486759
651663758
650895864
652560546
646663538
647715887
651016904
648236283
649053137
651747384
647187925
652726607
644778610
645507630
646622903
647652703
645230821
647407959
650241536
648024257
653402577
654656199
650661023
649860859
648055455
645646874
650373408
646006726
648941533
648349608
649487495
655957271
653986294
649542682
652790053
656022788
651727628
651875246
650959186
649005937
655596411
654141377
647366419
654748310
656014229
656797739
654378845
655434495
656690118
656185961
657539250
653659386
648401046
650128453
650748015
657033100
656234976
650372264
658273366
653972600
658984611
656306587
657776089
651286172
653488196
659272334
659196160
657820418
651268960
655038309
650453063
651895551
652570673
657483335
659363751
657487497
656939189
658811562
654730763
659425269
651145225
652987594
653934083
652861402
654769626
653070060
653289049
654527826
657059533
659314883
658295894
652684702
662233419
654236833
655008284
661387139
655594118
661799251
656823436
659971333
656641814
662588163
654892122
663014670
656151032
655933177
659465836
659605265
657566730
656920310
655359922
655275948
655933642
658392729
658274913
660376373
660581862
656027275
656355278
661707118
655514713
660568795
657384630
661722053
661610800
657226450
655799049
659956177
665785049
658851711
658320776
661148259
659949981
660919356
657188390
657137193
663723077
657478239
662268663
660203356
660319778
661816691
658511364
660039334
657753993
659737239
663369140
665973012
666347527
665667745
659793961
662586709
659810096
664469597
665016138
661317189
659056727
662827304
666880715
662823767
666311775
665472154
662405189
665404842
668515901
660328536
669170666
664017944
659954755
662731101
665757663
661226368
667546821
661811061
663579565
669155855
667248508
668146310
662296310
662774767
670138911
669826753
665852938
667805423
666472876
669837016
664806687
670460367
665963757
662773343
668639461
671437845
667285752
670329842
665046936
666934897
672103655
669636078
671615912
669518827
664130620
670266803
669798750
665985450
669746878
664561287
664518700
669966069
667340167
670026719
666365097
672133370
669607089
672910374
669903862
671395884
666338184
666081764
667997322
673065104
667941802
670238149
673146758
670059426
667041924
674874147
666096783
668872984
673879571
670725351
669141865
669219798
674256566
666918852
674611993
674526412
671667012
674537360
672743426
667636295
676817020
674630923
673118574
668384161
674189892
673072447
676001425
676069522
668806291
674272194
673830006
675628816
673111481
677665052
678185714
676152108
672066715
670203801
675319246
676608148
678731315
670804221
676759427
673038288
675272104
672072570
670029238
672608375
677684570
676776261
670171674
672477037
676553647
677397235
672960213
676068607
672435350
674721681
677816417
673944561
674936502
678875177
679776805
672888826
678147108
673875078
675960917
681686483
672622522
676735334
677111874
678962601
678448490
677336823
678101133
681146338
682535456
681613511
676831127
677563988
678511466
680356619
678325096
677696384
680853042
676438983
677909379
678023145
676636904
681867646
677419038
680107014
680164175
682462842
675337123
674754872
677416971
681789654
681363123
678679602
677580711
678124760
676757132
683294786
683684473
679890970
683512359
684329787
676127291
680387301
681669956
681328258
683688247
685785896
685145098
679119611
685753524
678643909
685940155
677118032
677186196
685796130
682235409
680534201
679048278
681654806
678990361
678933748
685321373
680969130
683279708
685021020
681787479
680910597
682253026
679968888
685974245
681116944
681357261
688938019
687484300
686261006
681085687
683315502
688186172
680423186
684411797
680762896
682243260
682696617
684710013
681955688
687766228
684160684
687436308
689902104
681096117
686777828
690512922
687779985
683144051
689401198
687097483
685002607
684314388
690330484
684893906
687602491
682002460
686733571
687929684
690310843
688366966
685936686
689418784
683768430
684773007
692525007
689070522
689668445
688819365
686324882
684828395
685577541
684777852
691262526
684383274
685959816
690784210
688546294
688193441
690262831
688338980
686157405
687891641
685288845
687339684
691594936
691123021
688571609
691467686
685430233
689652517
692218626
692456073
695027115
686866462
689919281
687587135
687886306
687233586
694817666
695803447
695464124
689887884
689500910
696013540
688795950
688550311
695696170
689757485
695121049
694517000
692503015
697108252
696703710
688772684
690866168
689681267
690511229
695573284
690013192
688643333
691820610
694168571
694482430
694806444
690154409
695571584
697320890
692681878
690952322
693588178
697159722
692439641
696302417
695018850
696057792
694613935
693743197
700025074
697059358
696453372
692212822
695848220
695822212
695285761
695877367
694004741
695907428
700776313
695126677
691677211
695533909
700582809
691643303
700304072
698323698
692366331
698478369
696874038
700822033
699702328
698464839
694225562
701374173
696053120
697803365
697067154
700505941
700514208
701373403
693983454
703037665
702863268
701638472
700978490
696476020
696118463
702285908
699628198
700924490
701317431
701330413
701221006
701615087
697298467
702639445
697832621
704710913
704349306
702194951
700706703
704732973
700675873
699131805
701180968
705591920
697619586
702819971
697170095
699353177
705641089
698338604
703317139
702369981
705434448
701553038
701207453
701485948
699657984
705757225
701565648
698421523
698756569
703435584
698213863
702721717
701011148
707534322
702911792
702543085
707759222
706037221
698620514
700559811
707527613
700411285
708325529
707717791
704163357
705457971
702115505
701814924
700728073
703523254
702051228
703425575
702238122
705257488
700472672
702813222
700467696
705158533
706009254
707137833
704718875
701796800
704995854
709287670
708991528
701952425
703457209
705739637
704292759
704265126
702666692
709866981
706881749
707799777
711659448
711408774
704983148
706388001
705617893
711809949
708701467
703043562
711589723
703403169
706777882
711625189
710534668
712278672
708614499
708603884
712638990
711303824
709725075
710774348
709140393
704705400
706587068
712570615
705887804
705640456
713749138
711829509
711862947
708391879
712783279
713518340
712749709
712939331
706257898
711560919
710102123
714269582
714829670
708663175
713914854
713202807
715065464
713327816
708230989
716540206
715648598
714838922
713994808
712219988
714680507
714985814
708774528
709126869
708128145
716188335
711185414
716430327
714062804
710110275
711572807
713837304
709526473
713303324
717925249
714167603
716032459
711771147
712700647
713251741
712079560
715369914
715150445
710855173
715100662
714224261
713518727
710365476
715811704
710460632
714855406
715726392
712714671
715567524
718237249
713270407
716461543
711880528
717397136
714560010
718490942
719934495
720836235
719488042
716841916
715874799
720376560
720528309
718159206
717162514
712999467
715200587
717260751
714788899
722183757
713474878
718178195
715222677
715975062
713654548
723078361
716429694
722724438
722287862
714362669
719468223
723089659
713898491
721299983
714126358
718160656
721012914
722101598
719825756
714705576
720924228
724064163
719703480
716560660
720461344
718992768
724985709
725134248
725090463
715627441
724180812
718946189
722255286
717083806
719680247
721616268
718685442
717320168
726338777
720905238
722828315
717742440
723692051
720621433
722703235
726748010
722093924
722786457
725078861
718643094
727251219
727610860
727180232
720393041
718542031
719090410
720486413
725167002
726573106
722790736
722606425
726311003
721938300
721916114
723388904
723634226
719269283
723139016
720859214
721822085
727464692
721049618
726756032
723308096
725436424
720346473
729592788
726406949
723894371
730435179
729174497
723413581
721517891
724110567
725895993
725621962
730490174
721713706
724715084
724748501
727585740
730072834
731677056
729023306
729699734
729277966
729187027
726242949
722802716
728520107
731050188
726313501
726179931
728296950
729866352
732795804
732151635
728005822
726467191
733343145
727826024
732508098
725774949
732217875
731557592
724807297
729916488
731251894
727642732
734494161
729407259
732950659
732475062
733473275
729105732
730063050
731990815
729985421
730218461
732617909
730181744
727099639
728505696
730252012
726975157
735828756
730893422
734203305
729227168
735840925
727824832
734323206
729797652
736508250
732034224
730824910
730945838
727781830
727996811
735654758
735896227
731186770
735217007
731934647
734149356
730336766
737519068
729752873
733696018
732197445
735609885
730156644
734703901
736456690
734556212
734139772
736309731
732887416
735571964
737570141
733487892
733082326
739181979
732118630
739958603
738612370
737780729
733773220
736885536
735173308
735306320
734942682
740563639
734039787
732546232
736048806
734325793
735832330
736617938
735348854
731973001
739744861
733134150
739495720
735223346
740713424
733210665
733987157
740946383
736659678
742034240
735736965
741697330
739808953
737222151
735249092
736162251
734179767
740571620
739215472
735645860
734797236
742257771
737599742
738525826
739404617
743362656
734607485
740988422
743597745
737359126
735935987
742747980
737328222
742966794
739476259
740791203
743795781
737949656
743359855
738011680
737859952
742268513
743955122
744948749
738786983
745185831
736572738
740672835
737612873
743584845
744450465
742800573
743443268
746577956
738609747
746140073
742393953
745157212
744548521
738950078
747501534
745372534
745364298
743120324
743479634
746009731
741259482
744185316
738767664
747148081
746739888
745517874
740692062
746137221
746111859
748723020
740532543
741949878
746544455
746215711
740048263
740842023
746239521
748632431
747110883
745744353
749550588
745682320
746510053
748713226
748404004
741163256
746183230
748804122
741585075
748345848
743802714
750677055
750748091
741757745
747830143
743439780
743802688
747922784
749063337
742806828
748548353
752361946
745783988
743599979
743015189
746367187
750323316
743679871
747347052
747321141
743885774
748911444
746343737
748934926
747512476
748153372
745114553
746298886
751747354
746833379
747917629
750514609
748594709
745434629
748876399
751163279
749842420
747700908
752738585
746001404
747174959
747792080
754996053
750841407
753571963
749018086
748293400
749591443
751409421
748253506
753394045
749286725
755372241
754660176
753740178
753124613
748983764
754790377
752802437
751190686
751026173
751692866
754097866
752375635
748098395
754475435
756614613
757460179
755504261
749202196
757672057
756313466
754420446
754413985
757192917
752740131
754109923
751157264
758952680
755114884
753765473
749965726
756522343
753395640
754972481
752864735
750302237
751544214
759173477
756895183
757447914
754403530
759444285
751908850
758090149
752208914
753954728
751886795
759596097
751485812
755256198
751483653
756709157
752649204
753617966
757704858
760830927
760693447
759744701
761823494
753071215
762013062
759093736
761079827
756692346
758134443
759818588
758992978
758628395
763147991
754202076
762702098
754283664
760937891
761359858
761821969
755988349
754039379
761140573
757323546
761231413
757941544
761162476
757904842
755096769
756355643
755648647
758008249
764912093
757183265
757461160
762666288
764916036
764395283
757798224
762849084
758881208
763155129
762366797
760909099
763115995
763137151
756941519
765740679
757649374
760505625
766388001
762761188
761557239
763455161
762726371
767390617
764428380
761154342
757977276
763767163
760627127
758532377
765755081
759955317
765801200
761683790
766088391
762936940
762935088
764982347
761100517
766373977
767358569
761887921
768319643
769127125
762183571
766916302
761408369
768074768
769874365
761330115
760660728
762551075
767083719
764980170
761284375
765006929
762675691
766139980
762176808
766315908
769382672
762520713
761442524
767115799
769882239
763528939
764559587
762778437
763620268
767360338
771711209
763752826
768364738
765079596
766043088
770069528
764508764
767611170
771922909
765422271
764221034
765060257
764530622
771031847
773141853
766475294
769757787
765924143
766805901
766843711
766129639
767781785
765178161
768371014
766165694
770062085
768070305
766375949
771867204
774835987
765966852
769976995
773995083
773202266
771973242
767515470
765931630
774362277
773699758
773121774
768145275
772846719
770898082
771064679
771508402
772611474
767583354
768378376
769703374
775892084
774494479
773006460
773784190
770573558
772880193
772355077
769433634
772292470
775722020
776716681
775160664
769047756
772896820
776248166
774126220
770818174
777687649
769596655
769786579
772173583
770073380
771977778
776630613
777309986
771884667
772997567
772957920
779581685
773050890
772432682
777455245
775211653
778552289
776501632
773451751
776345452
776462907
780793831
779307761
771522700
776746171
779054109
777352688
774935898
774489443
772153083
779189788
774664259
772637533
772136032
775348905
779451712
773278366
773615529
780355777
775325159
777580022
776257069
773434277
780390007
777099975
776321886
780950301
774835518
782359484
780510935
774789661
775314141
776361002
779278115
783933722
777944594
782831530
775206154
776749443
780986729
777013639
780379814
775086265
779668207
782824575
779034219
776430793
780932568
775742621
783919378
783513171
779310002
777288957
776747766
778686816
778595239
784588389
785697025
777861582
780269683
785625031
786522520
784761277
786289198
780097534
786504824
780062000
779840454
783187949
779413361
783352663
778369230
780991334
781817963
787081793
785108287
783681567
778702734
784892970
787373108
784967969
786736831
780823708
781518458
788503721
786218422
789198795
783637912
787205582
781655382
785429799
788886912
784745992
783077308
789110433
780717469
785484258
790194417
784256358
785920406
788729193
781327400
781632363
781440040
781746045
788576219
790152793
788286932
791141191
783862996
788548161
788092090
786049502
787247821
787668046
786998347
788844074
786655210
784184594
786025248
790101280
784457377
788876744
788619787
791589044
784137508
786258217
787836952
784568825
789955242
785655964
784670641
786575666
792548337
789485470
785928324
790477921
793599683
785398667
793736094
790923039
788447642
785857700
786474369
788946381
794034704
791959155
795369697
789784530
792185236
786309383
791051680
786542590
789748855
794235540
791403155
788482028
787504042
789838321
794028235
792112094
789086843
788490819
792168848
791010080
787363870
795812146
795581419
789221399
789345468
790165971
796863135
789156748
792614476
793568156
791910751
796002504
793384053
796969115
795595480
796758132
789790864
795125131
793726425
791742894
790755236
791716645
797709899
790821170
797722678
790641947
798523822
797814045
798066502
795041866
798624152
790686557
797062856
795524752
792940144
795035683
790937652
794678981
794375987
791523149
798245714
798767579
799410264
797548401
792103835
792886231
792215466
799753719
792658435
793423315
798325711
793222989
798951465
795986313
799820273
794609393
796507832
796415331
800977615
796801560
796700670
800476001
798345923
802917187
798793717
796045608
796731441
798468693
798761979
797821370
799989405
799124291
804030615
801568114
797945908
796197683
794982936
802139296
802176313
796464164
796606841
802586967
797222912
802595034
798290637
802641224
798553554
799682630
797554894
802670350
800843956
797458311
797895314
796761702
797906224
803930839
805431993
803782591
797103281
798354730
797846227
799080568
806718110
802117238
805188620
801239920
802423049
805700031
806757124
800067392
799497534
805499090
802009604
807947092
807382739
807825871
802834078
804627914
799679019
800290890
807579767
802872582
801215514
803361959
799778326
802884751
802879433
808025135
802874930
809441922
806539157
800808688
805811595
807411758
808578378
802196295
806312105
810799161
809403327
805133969
806450643
808439769
808929879
809895136
810586717
803460882
804222052
807883827
806574657
810419141
806954163
809320795
804116187
809467527
808796663
804139450
807219870
807700403
803902858
811448012
808596927
811134270
807740617
805361993
810212275
810866471
806712392
810884725
813118247
805754073
813710927
805140437
812142365
808605110
806279870
812710762
814132308
813043321
808513299
813498740
815121912
806830319
808433265
808219314
813437139
807400353
813718226
808172529
810804636
815181389
812788036
810617981
813334488
807356567
811863935
815972193
814808557
816187987
812656885
812479607
814026519
813986909
814188483
816966681
816931243
813538464
814968847
815237292
811038832
814524805
813453644
808479425
810416655
810525261
812083064
816444531
815429580
812410836
810661872
813896552
815550759
816710344
818860081
817500236
813633933
817724460
810180144
812627772
819895461
813357091
812722120
818323270
814649965
811915885
819096202
816599495
816794348
811975134
814492809
815346400
819457292
812393805
815673268
811653554
815448617
818330326
821757639
814020403
821158217
812370716
820400307
820839459
814870581
815183018
819023951
816888999
820071403
822129187
818951864
814014854
822875461
813391820
816365389
818420943
820388416
821202073
820634532
823677676
821205008
820979799
817635180
814856318
818311441
821298888
822910046
817164201
818503874
821245690
817532012
817809025
817321590
824880405
816306206
818806198
823218550
823551144
816920749
819032068
822847383
823876954
822409103
817681971
819878444
817687757
825699664
817461724
819807495
817048360
826751477
824365103
822162655
823416079
824919001
826759872
821138450
818339725
827519287
826989198
827802536
824098420
824346987
818571091
822517420
821586410
820311074
827678376
828206471
827835795
823370292
826350219
825453735
822025726
827762100
822516805
828570546
822874576
825091367
828699087
827254135
829460612
824926467
824348815
825119152
821704425
828214643
827340162
824480291
829311972
827375715
824442757
821971689
823587429
827212137
826628382
821922151
822960041
828279567
827451174
831450089
823039310
825459639
826972284
830844346
831769245
824868169
828007562
826913144
827885769
824679366
827173784
832488712
830877901
826634455
824296018
826630672
829830122
827794183
826528636
831546595
829768587
826739285
825778413
826495944
832124156
826782680
834028365
824986817
833022015
830130061
829434185
833373859
828393702
834595609
832471124
831799007
833973408
830197398
829594005
826837513
831878107
835666916
832647977
826634084
829199294
827047282
827799655
833149227
834013714
834160050
836154930
833563583
832167313
831508512
831586669
836084959
833089999
831787545
829212369
835197451
833052015
838153310
837295956
830916183
835649064
838371045
837335555
833154967
836044222
837256955
831461128
838678089
834200501
829484213
832796136
837828523
832995524
830709347
832009585
833164356
839185524
831817206
838593723
837050470
832856789
834259775
839282740
839375271
839694276
832997082
834235570
836189435
840397837
832479176
831892879
840536658
832473950
837502830
831993430
835925864
837653350
835317206
838142778
835052549
838705862
836816745
839603183
838242256
841840607
836057400
837497270
843109305
838502536
836730477
840976610
835830002
837639783
835278075
834671738
836262001
837628735
837929690
836105246
839209925
835221210
840547250
844489748
837441569
843274604
844657227
837805962
843607955
838560696
836776543
843248155
837903692
845569126
839239894
838843580
839743884
841104123
836620677
839753452
837484704
843632409
842708368
837286146
843811359
841825107
840574947
843430255
839121303
846875929
846740388
837779137
842902711
846130389
847153681
839472453
844260093
846930258
847875563
844941403
841565186
842416923
839715163
841088758
845915682
848154875
839624565
841907223
847921845
844580270
848401027
840305868
847969376
846907183
849224302
849830569
842700799
843773823
842341832
841122442
844830332
841721969
841835770
847989952
846513411
848918584
842064441
842286025
845514944
841855049
844361223
847522712
841916421
846409417
845913762
846240338
848332125
844217084
846487017
842663549
842489313
844780733
844290751
852644090
848658903
852796134
844656374
844384481
853096060
843418997
852333796
846000360
850260752
848156167
845895303
848412892
845467760
851778064
851739413
849557534
853099544
844677814
854253164
850830036
851116677
851477589
846135463
847250535
854762123
852844184
850809424
852216549
847615263
850891831
849560950
847722158
850736544
847260137
852752294
850668290
849718024
849656635
855061147
850358701
851796701
850799814
854756827
848037898
852014320
849291917
852245087
857419068
851221645
854440953
856172915
855253029
848783021
850350566
857107925
853940959
858345655
853659408
851357690
853277748
854843738
856595837
852260574
856861888
857595616
856469971
854909101
853908322
859323689
854256916
850420799
854321133
859954248
850457341
853785150
857917518
853385758
856145132
851858695
857866544
860091837
853940986
857038748
854908296
852775891
852162646
861376266
855961862
857550397
856715526
853588817
856084003
860013083
854570433
861706333
857573879
857285294
859973760
855903304
857625961
858599233
855530216
856031917
858825393
857777803
853776797
857754806
861713552
859047000
862840587
858407440
861359307
856827670
861262827
863332433
861060649
854436866
860256816
863925657
864636568
856450262
860086508
858417197
855623421
860373819
863177601
857586299
860361976
862598583
858065533
857152483
864091911
856342356
861579645
861887257
860271613
866397603
865904927
858391449
862546328
858382318
862937835
864301667
858904425
866364925
860224107
859752886
860401184
860274241
861646467
866754606
863187171
863701893
861581115
860507577
860077088
867230968
860217636
858851767
866084466
859678027
868577314
867839717
865930037
867325146
864936485
859927680
862484870
859682363
860786779
864166138
866651344
869234298
860488983
867335034
861694929
860929601
868735575
864881663
865337012
863157913
868387630
865129307
862112674
861907565
867327622
867167744
870374154
870504608
869468538
867375809
865718851
867502728
871651270
868563898
862901184
865294727
868130472
868595361
865273863
866373296
867442424
866609882
867626587
866796757
871017934
870962343
872600859
864868523
869784170
869382157
865533508
867484272
872606159
867029620
868891875
867279812
864601722
872823486
868879401
868879561
866316879
871217859
870970542
867031159
874578897
869665570
871235649
867656484
865981039
875454968
870696148
868121818
873712844
868493936
874800548
874671243
874918964
871945941
872850985
871359948
867701898
871844466
869548054
876561082
868930707
871551454
867538129
871628614
872882247
877286382
876180628
876176309
875012732
872623303
868355126
875345445
876397320
869757857
870768892
873291041
870949524
874060534
869628824
878839619
875577326
872132816
873586911
879045557
879304469
872083505
875629517
874199168
870453197
870759187
876511084
874345086
876816838
872793833
877155323
876070484
874297055
880965622
876809116
876847972
874353326
874638976
872839099
878082000
877229626
877308942
879221139
877670139
876471495
877729579
877710967
879696210
872957253
873046555
875069573
878533294
878546680
877898239
873161096
874927721
882441737
878531258
873958864
880696460
877484258
876491409
882471264
879800823
876410502
881777849
874866180
876750577
876887391
882583961
877967029
877831181
875742895
875564563
880615340
879029803
884236226
882940500
883231199
877530844
880941635
881079934
877049525
882520825
877045171
884650275
885428321
882602766
878611661
885776481
883198113
884759441
881081605
885563139
882319634
877597785
884800477
882873645
879319150
881930950
886987272
887251848
881712835
880533461
883267982
885599042
884509789
878756457
883119759
882805511
881951428
879792641
879269761
885556678
883140339
883132670
883335344
882096086
885958889
888266400
888142934
885151062
887425185
880647216
881450377
882350391
887767967
886249137
884344222
886383757
889090502
890769117
883506346
886881587
888566713
881786497
882514186
882117804
888656657
886927486
887233547
890459454
890891088
883622144
891783393
882655464
889204139
883673496
889965444
889753586
889467900
886601275
890299856
888652156
884219860
890888243
890887052
893022391
884129239
893469094
891824040
887422324
887586381
890997059
887960558
893499162
893021166
888556420
885632076
892455351
893709748
886261481
885861623
892200414
893473045
892876901
888235095
891535830
893854693
892644400
895442691
892470389
888270465
892189741
890481070
895920269
887258952
896363278
886881355
890482173
893567273
893095004
891382031
893342632
892188413
894625558
889124422
889335317
896091206
896409075
890745812
894424635
891508110
892298198
895618365
890078755
891775596
891173451
896116006
893399245
889689874
896617980
893405610
897279867
891522727
889511586
894536863
894746841
894760850
895300166
896910707
894192023
896414311
899284822
890753569
896777918
892345893
894915144
896693663
900213912
894887474
890868647
892178430
895555768
895487470
899399547
899572549
900144967
892028944
894880985
895037948
897355692
897531927
895388815
895775446
893197317
899530004
897589928
894538751
896429116
893746675
898096207
898541881
896723379
893968840
898140254
895740267
895113017
898932408
901287251
900241104
898750487
901520083
894903541
896844099
895002084
901227465
902719220
903493279
897536778
896460305
897027863
901049715
898982628
897391226
902669038
897379185
903345528
905003737
900827273
903121640
901826858
896856937
899129418
900792757
905040370
902275460
899587864
905151739
899215793
904353771
905375605
904941053
899334648
900009732
903240412
901917523
898464832
898136008
904409730
899074335
906283089
906555055
901956436
907058768
903944916
905083247
900257564
902326641
901342741
906296797
907957216
907262193
901596045
901577125
907299576
901759480
908976415
904083500
906489490
902656077
900905753
904399097
904141499
903199625
900404894
902656385
903496068
905927115
906112597
909029860
910681579
909191786
905454034
908505115
905439122
902983111
906248988
908822362
905673164
903107031
903740149
910033118
902924717
907161069
910079523
908902388
909377644
909693246
905068523
910616717
906725067
907987893
909837163
912552794
912359779
907127421
907597214
904340774
904417071
913280355
906830102
905446409
912253669
910937749
908649682
914172712
908561486
906284186
913345184
905295234
912734525
912334533
912872147
911072706
912510021
905504726
913688422
905957208
910482003
915398174
912744049
909748712
909182805
906386119
915940229
915150096
915349880
913492041
916537658
907944162
914584736
912865001
914501077
913977511
917068626
910983249
915623664
914163674
917482267
912577682
912797831
915256265
916242645
914738215
915928124
913972863
913496949
910794054
909815125
910546655
917040933
915966610
911494124
910445446
910945542
917276067
913826492
916004783
915707535
915681928
913449041
915758580
916992008
910205001
913092239
915843598
915179930
918675590
913903574
912908381
920477043
914490715
911494133
918872927
913724525
916027893
916278596
914257793
915403904
920730801
919300300
913159607
917949951
921841912
917590858
912555360
915166086
917007908
914967169
918155916
914916120
915270903
916226244
920699945
920359737
914798629
914252476
917739444
913649331
922618848
917518961
917703047
922831971
921448217
922976488
920563866
919547535
915655131
918173553
921456206
919624888
917035437
919378842
924099526
920596242
919136634
923354209
918359949
919351591
915806192
915984591
920718998
918279186
920661998
919705280
925049833
917671082
917360613
918966221
923343605
924429334
922871774
919035264
923843463
919268407
925957888
923319069
919269268
927565926
924011210
923237456
924518949
926323301
926808565
922178653
925246296
919344000
921587372
923502773
920765153
923386013
927840570
926659099
927744623
926120772
919854202
924255207
921248356
922359350
922917265
924744071
926178312
927814213
921150799
921502914
921073400
929234490
920660598
922332626
928676424
921900642
921420211
929197374
930526133
929556985
930856891
929585215
926277089
927682554
924331835
929556495
927029574
931408345
927206934
928160218
930856801
928926125
929823239
926171769
926869022
929956344
928698893
927537472
924455619
933135035
924062183
930429593
932668339
930285400
926283866
925859139
924201965
924163739
927227259
933417533
933805290
924917258
926225314
932573887
929677126
928676237
932101939
930391506
929212395
933420217
927971350
927146483
931658181
927307734
929547071
927647646
929011224
927780748
928820564
930037552
929022207
935499235
928574444
928025665
926902370
929800599
934815796
929717203
928744506
930411556
935246162
935526941
935485594
930607921
932645590
928491631
929748923
935923659
936542325
932781581
936947571
937020655
936001431
931119527
934899167
934404998
935689053
934609180
929216906
934590768
931382705
938291630
936546486
931039079
933023373
939183763
939006976
931019150
939506889
933909381
939410481
937608389
932364097
931467238
935392389
932915609
939569933
934824235
932016238
940574004
934567400
936693717
931605033
934865371
933418603
941555374
937186652
936831920
941365895
938213554
934924334
934117027
933657623
933103323
938056325
941274962
934691502
940099153
938468453
939597198
942761862
940128661
938316815
934015780
940876850
936188860
939548083
935747660
942016158
939488961
937861924
938952655
938867815
935694105
943263160
944026224
937483092
935104754
943859093
941773607
935850068
942428304
943331145
939569122
937499980
944276739
944798786
938426987
945778440
938305523
938441177
942742316
936926428
942445653
943707782
944604872
940338172
942637870
939176325
944944649
939175381
941297230
945689475
946556642
941834987
941495058
945121929
942840705
944995455
943987706
942274130
941771813
947730031
947347924
940946163
939943595
939790738
944226641
945432421
943291752
940512639
946914442
941485042
942641513
942027035
942046024
947435624
942579284
949193062
942187125
947634393
949786708
948873392
949268837
947438797
948978916
948220371
946033021
944653346
946800631
942511258
949752054
947956808
943024550
941843091
943646692
948797833
949974067
945920506
950667644
951048172
949343173
951564885
944857309
944065047
944302089
945130739
949376098
946255722
945697262
950693663
948840046
949131465
953352408
947038056
946987367
944097503
952807999
950987516
952858182
947177921
948992834
951093736
948839124
946886214
949926904
947468273
949038584
949295288
945659753
950525572
950969395
948909323
948366032
946252780
953259096
948254761
953178975
951336003
956158803
946866126
952788706
950351578
951650695
952945125
952475452
948861305
953645972
948710235
949991529
948439181
951819307
956610871
952676348
952054726
955010407
957791433
954613998
950088197
953817207
951897886
956710764
952295879
950022840
958674676
958795049
956495983
954810754
954174822
957953283
949767282
950982254
950454198
958135086
956980800
958177708
951862761
952633789
956942820
952590564
956591065
957534105
953030313
960055433
956693128
959301822
955992699
951145098
955132027
952465484
959041315
961303289
959876509
952680669
954394640
959366095
960496812
953917270
961426012
953373036
959004229
957750514
961321783
962379788
958083455
960016435
953324097
959893972
953615460
959447399
958745007
957799824
954166150
962832910
958785435
955063304
959462574
955573306
959795274
955818099
956648903
959410375
958417231
964332219
956914114
959049104
960901357
962419908
961125738
956629819
961796503
959851827
962552361
958783948
960109308
956163104
959675136
965843206
958022724
958459437
962138038
961507537
958278597
963456021
961486377
965508594
964077927
961844176
966686500
960672689
961141187
960025766
959080252
967514934
963509336
960393306
962941668
961778700
967813028
963296150
962917354
963646073
967878845
964243643
962071658
964346452
961441443
960568042
966863084
968825738
962205568
962700112
966468748
964948354
967111603
960078999
968598575
969699766
965493249
964821829
968366033
964542591
963115522
961818693
969603580
970209179
961750611
966475545
966265962
966430808
969059441
964002133
967307195
971369265
965650387
970081478
967577370
965655682
968372624
966088456
963640082
967057305
972150783
962718276
968809173
972451202
968744519
964490762
964358449
970002246
966469578
972544396
964575845
970881281
970486616
967180175
963942386
964981720
966056501
969350574
967593356
965687410
966005627
966472327
971634216
972466549
972820064
969990057
965639798
967113553
966128549
969125582
971578454
966946197
970500777
974312171
974320970
971583123
970168748
972516230
974238028
967538698
968779834
975263586
968691683
975223140
967636081
973880434
973071201
974656228
971349944
969837405
976157222
968097438
973319606
975202645
970722971
976600019
976041554
972521897
968643917
977000340
976223663
978176809
972583407
976918386
970273270
978095374
976262952
974177308
978992955
969506695
972418293
978780009
979027479
977722898
974964768
970086830
971406792
972370716
979575389
974434091
977315480
980380512
971984420
971732377
974095087
977089695
973501252
975882319
980762318
972078577
972128900
980225677
973150178
974688967
978697353
972339596
973449497
979306732
981390698
972638430
982391296
981257132
980789414
980368464
973670768
978142564
973912640
975611497
979616402
980592168
979249581
981829597
974436047
979280172
980167269
974306946
983848913
982627657
976864767
984130911
980436052
975955872
983981261
982464029
981893532
975634031
977485758
985005886
976882308
976649968
976601597
980992550
984073080
985228895
984217468
980008184
982878252
980321125
978021214
981859883
977013243
981169961
980319649
977995254
981648787
982921489
977557831
983968479
986664223
982833350
980923765
981604797
986325631
979134324
979254275
979921633
980923433
986384067
983863312
980562154
981260503
980291054
981847032
984632571
980271096
984259951
983119910
988476993
986930136
987381823
985500723
982068463
985823039
982077564
981942491
982049125
982306729
988212676
982775295
985861572
987447296
989075106
983033503
985325613
987220061
989593640
990839030
981542295
986830851
981816446
985585833
983875365
987240723
988535371
982403108
990176601
986693871
988828427
991835722
990528782
985548403
984445518
990947969
987008453
983858749
990987405
989983339
983428775
991474797
989919287
987574734
986770601
985384051
987881928
984329692
987939841
987909899
992577139
988504062
989586241
984945211
986258350
994427721
989158568
991221045
990273997
990265808
987746079
987281371
991739744
991228030
985607045
987987413
988148723
995697918
994298108
992291040
986590106
986384163
987403765
993271981
995128162
988981731
996343492
990861829
995888543
995076890
988097613
996711023
989281614
993842735
991819951
992186558
989793247
996869031
994449219
994087146
996790826
990090902
996303089
994922264
998556113
994541660
990958956
992798329
995450728
997894794
994457666
994609555
994009242
993167989
992092355
998744060
991914966
990407466
993636277
991491042
990873778
995569905
999674981
998130598
992822286
993748534
996018295
991229957
996385768
999868355
991734492
993770538
994716744
992607841
997754889
1001057372
993705119
992380498
994207867
994906648
996060134
999513650
995603837
995025799
997014017
994356749
998927519
1000159079
1000417826
993362475
1002653387
994612061
1002012632
1002264237
998043431
998307807
997702250
1000729867
999637941
998856487
1002773586
997229343
995582222
997751848
1003588086
1002717391
1003765782
997979302
998916278
996376201
1000469642
1003272845
1003610822
997182073
1001249510
996933166
1005767427
1001520100
996666810
998318942
997150331
1003343579
1003185772
1003112691
997152488
999492288
996919590
1005071316
1003709470
1004075710
998044873
1004003657
997931931
1002663629
1002026837
998360705
997929413
1000887979
1006201862
1000502392
1002255915
1002728040
999268003
998757777
1002927200
998896823
999099044
1004308257
1003995502
999639710
1005172623
1003025681
1005927988
1002037363
1003656688
1005675365
1004977951
1007049478
