489084606
957534105
732795804
122516445
725621962
664518700
640722939
826630672
603016812
499285692
476092679
260621548
65788713
172801119
429413213
907944162
775742621
143180343
641764297
732950659
467606088
286050103
713251741
269830278
209740792
497853910
650895864
722183757
431821926
250912057
284638570
164523955
61481677
456350243
268808517
122267656
335879550
350436149
962700112
651016904
36991335
734797236
614663891
349200666
665472154
437099752
456396655
437640565
719825756
863187171
789110433
844260093
43001984
83272245
727824832
419203157
764559587
351059772
173581479
343872324
196206490
102962268
345671103
248205788
355084345
867327622
46220367
913449041
639003920
777288957
820388416
715200587
966686500
275008657
194367778
185702835
823876954
146369244
494820812
247332229
267985529
760660728
395642624
396269519
543153106
403677705
532423773
883119759
560605278
31766154
413953424
105143538
690154409
166902896
860091837
379015423
504636470
838678089
760693447
437011928
845467760
477624677
892028944
667997322
367151124
915806192
630190891
554188931
43058931
349762814
360000850
473198896
173476556
776747766
569392988
915928124
123581226
697067154
65877253
486236228
137040729
42073820
327568407
686866462
685959816
635725123
401848012
966946197
799080568
280914155
270876898
261578166
83954188
465687929
979280172
366350142
781327400
960901357
796758132
743359855
78999597
692456073
421424112
160287886
871844466
165991286
176707483
234376274
291540990
264242959
301068095
98946824
254321449
245236532
620917287
841104123
999099044
658811562
907957216
311092012
114351636
739181979
315290931
170879953
462854665
712783279
339474765
22708466
589513593
23235188
661707118
2261572
649053137
423084167
479601982
550828934
84945581
861694929
226314514
101499808
898096207
456706309
169526349
377534096
568533821
651895551
551853528
47020453
340458047
504401664
176131902
942016158
653289049
77630623
252062096
431434684
504947782
559874864
447443310
909837163
150356015
853385758
393269138
930429593
826837513
520616983
444050033
271601105
302645149
764916036
852844184
506780857
590137643
791051680
1003343579
113811351
311321624
530249709
153249784
763137151
991228030
478408222
237116136
374282324
4231298
585819681
383582069
802196295
95610688
180111327
579974810
62865711
930391506
775086265
756522343
265197128
903944916
657483335
917007908
688366966
267951687
892189741
970881281
476848879
97565715
357195118
575820899
151723370
464341173
640293931
217257017
791403155
315156274
307277793
644421220
731990815
907299576
571913597
356371579
414884014
85674780
200281771
255507389
406544797
438564530
67345938
994449219
804222052
228766074
931119527
691594936
117403812
705887804
661387139
651875246
979134324
304751484
443104233
267498471
193340667
657137193
867031159
270267266
178689162
676069522
71758199
234059495
717320168
826759872
761887921
329100795
317532419
682243260
773006460
849224302
575356501
110824205
520784006
568217649
434411422
448196080
690310843
828206471
16606242
22080572
498303773
732887416
92876713
740791203
390438269
615601572
700978490
167783043
210637769
50278542
364539111
617413917
248164649
454874409
986384067
586743825
128275959
889335317
770898082
673038288
712278672
293322847
183052566
107450968
243314796
302277055
680164175
794678981
579320157
984945211
297092272
802874930
431460304
683768430
578631084
350520310
353976657
83700575
882805511
66950806
676735334
127158316
725134248
535019218
799124291
320954411
655933642
372096949
392546110
574271385
943291752
676636904
846875929
90702053
62932923
339663627
943859093
742034240
696874038
163110670
388067682
847989952
883132670
306803025
445125067
557608678
906112597
393185902
91899991
867538129
824480291
254358277
135558528
131472094
91611500
233387844
354524345
512089741
620183906
530843623
393938946
841916421
28242932
601077636
553841249
55653420
792658435
491900415
900213912
877710967
210136634
932101939
54062233
715627441
336567045
456379288
572378440
999868355
476027441
455868623
795812146
252075871
419666908
908902388
121136377
538684025
836730477
779840454
834235570
110800253
128234549
511402285
640001951
721822085
346233063
766315908
875069573
66440197
572507264
240483264
235877959
219136132
468105431
676831127
919705280
855253029
713898491
520603519
45625057
440008245
441568986
298397080
900792757
840397837
250226329
263553710
12855427
13633431
547171816
557951698
342765681
792215466
389860394
228057852
600789764
643306456
773784190
986258350
846740388
520789848
380112290
278025041
12134129
613367306
42331824
339359467
880647216
763455161
543902783
177478138
108712309
523913895
127852029
367217461
474889598
359791002
11446664
866397603
185542464
606824295
191842891
182491406
178850005
976041554
705739637
466371380
968372624
129226468
372227317
901759480
700514208
947038056
551021746
487948492
51125672
330524969
324175725
641681339
121325096
404111261
810799161
990407466
861907565
245735464
565447665
286747429
136607436
380329809
860401184
813633933
737780729
223854844
532079347
821971689
440247319
446994145
798345923
571397292
176788572
961750611
929556985
104479899
281409432
980380512
315234474
166554287
785484258
333887644
14594287
735840925
392126049
626056689
844290751
898932408
184838185
161081868
763752826
881951428
866084466
902656385
906386119
71250710
339093370
58649977
675337123
185931036
633917434
746215711
681867646
691467686
877308942
836105246
183366085
997014017
426903794
259654173
270350879
954166150
892298198
89740423
489589969
330214333
422877375
281156018
685002607
959876509
222502412
402999669
351847273
522249852
466130744
177368782
857550397
123984262
671615912
225891268
723894371
387831793
84478166
285368153
966056501
165768578
326877994
255227731
698338604
742268513
618496232
285715652
761162476
368778761
789485470
266134582
837335555
34818353
859678027
575113334
142314090
678990361
311499326
906555055
788503721
785920406
190758191
596060485
317693316
78191194
795986313
983033503
737859952
945121929
955132027
464644709
489432052
330788794
414707586
687602491
556871637
988828427
671667012
394937566
889124422
655799049
813437139
559923331
811134270
181457854
735832330
349483172
135733508
392271274
89173087
119479582
122087691
497081613
432163769
170915758
968643917
722790736
122443795
251000116
715222677
238596121
757323546
784745992
549366258
432568815
11548248
559375560
297078967
806712392
769127125
650241536
689902104
437474706
309521697
724715084
901342741
982077564
523559691
910794054
376120752
32668645
156351491
514397771
636243594
191608600
115368569
418277938
316491892
684773007
151797781
379735489
146416771
306023371
667248508
891382031
769703374
75507842
12533694
528513378
846907183
590065496
649487495
18081822
854756827
952858182
387005837
824098420
922332626
475515978
414261106
185981844
471735954
368283797
827678376
911494124
513846012
576279596
139965205
118190405
632717046
798767579
98478565
952680669
553838867
934899167
267570160
196712833
627918664
947438797
570468129
567684681
593463587
23661423
28253956
183358777
148379797
948840046
169818167
311192761
454604295
184851262
652861402
251671219
55454930
276987767
975634031
239279317
79415068
346665219
463412300
762183571
92051369
446627009
165796990
210515409
394028516
722606425
514370217
96315030
774126220
383853097
711625189
392496240
248726613
589347343
258390998
680853042
696302417
840574947
224609120
764428380
417595291
200179114
40129838
216266023
224952308
509246489
75550826
122885960
946556642
394031815
469504154
741949878
127445529
450428052
807382739
939176325
875742895
184797195
990839030
518527812
615814065
922976488
423133918
474913023
73979569
278939278
910205001
338152434
222047316
711809949
868879561
485932599
507758157
539342363
780986729
250530901
295132801
171595779
384859531
994922264
445013446
997150331
58331364
999268003
678448490
899074335
92530942
82592156
586661296
180279680
296258351
48411245
748153372
435427057
424385730
984329692
515311200
289019039
848156167
208645585
899587864
362702034
205012209
832009585
177574841
187056305
720346473
930037552
867626587
446580883
557713676
826782680
215798233
692525007
510438346
146640762
654748310
483910299
604746781
116778580
262553411
751026173
385291767
418517660
700706703
961426012
526865158
144784396
812083064
953615460
301190489
250636476
774935898
553031428
271801144
194710329
222054109
216103290
735249092
305838325
638887326
510923035
942428304
768070305
401845329
766129639
914257793
271554037
593289077
765422271
787247821
646056807
344502952
76902644
870453197
39798538
848783021
215996177
731973001
100886124
972128900
893469094
248239256
64287979
107110986
7019075
983981261
659949981
895775446
584240181
204250158
358661862
674721681
735223346
283766601
224518571
534473851
948220371
746183230
755648647
50470293
397967719
524982727
597474518
822874576
925957888
205426395
225237971
859047000
262989243
936188860
694613935
734607485
669170666
959080252
270967863
243819385
516991238
813043321
37422761
540536464
569539804
85344261
371634624
401012093
435221456
268991437
342091294
449473525
931658181
708230989
398642512
188963430
636804410
146977266
367050693
481657013
858407440
383445663
329499523
872882247
209275250
99653300
468305390
568689736
385453177
320160954
159317605
416784139
50403244
52243885
510799286
816710344
27954760
896363278
993167989
69308300
502316069
463020278
766373977
123671999
434985719
324991329
436301369
548852911
550790489
775314141
59031248
589005418
102902005
212023705
93823282
904941053
555974568
12428059
234020748
798066502
344945694
808513299
634275810
866754606
390708111
279297777
166821454
353012193
646227846
998757777
853588817
60547365
58220772
610710688
298959389
291295683
661816691
751157264
465909124
202426993
419524392
357219736
284916149
161571042
41725848
134136156
773050890
596448882
340008874
723413581
675960917
902326641
424863078
519480443
439178936
135240196
317569010
232362626
360444163
283691642
613797945
124005365
230021576
499139961
991819951
503253017
247084819
922831971
603202395
790194417
802423049
600102970
824880405
651663758
614323586
481550599
308301705
948439181
921456206
676152108
455262074
485801116
468307320
713327816
899215793
946866126
358233258
521584856
474292208
880696460
156709260
662731101
317636274
595675880
829199294
51273950
722287862
306331655
316084016
949376098
644728949
629905470
87930993
160509125
893197317
95234484
787504042
640592867
450825269
582771005
757447914
232076670
944026224
327722534
447631148
632144002
92878447
924201965
568319914
835278075
492274442
145662255
929197374
816599495
34996023
164634588
746009731
74573753
203829719
811448012
933909381
650373408
835666916
370568263
290109320
348927080
330674922
879800823
246510557
516499484
300755670
701373403
55734590
730435179
579171089
14323668
398122267
683688247
646622903
933023373
804030615
805499090
783077308
13962788
49269544
119220612
831787545
894760850
546389342
950693663
1000729867
770062085
772880193
758090149
885563139
822409103
299775082
3003019
546537977
241081719
973150178
682696617
18791975
854440953
275967767
99258283
315975408
632074373
133237854
822960041
113886361
212383383
752375635
290016239
749063337
365678408
163703673
499495152
788886912
140415127
567405265
308489167
661811061
79011405
998130598
459514871
871628614
359689216
687779985
785857700
238120647
403152545
532574136
514228805
979306732
356136291
354059595
461360489
433128797
821205008
636344360
518524527
198193970
891824040
782831530
19217668
157355470
200070298
281471036
76619707
272893578
391624670
468078948
109207125
631656838
479626387
699628198
616883555
115039287
688643333
684411797
40692917
57127292
17046425
534224835
626012348
902656077
646355870
325054874
712999467
985607045
472555739
801215514
966863084
239663806
562411868
3707482
737519068
304509147
304145813
935923659
440220336
870949524
841835770
498422401
221173562
762551075
938441177
762520713
175797169
594950026
947956808
730181744
157995781
436626162
518499985
847260137
981390698
644317178
464056056
777099975
195947501
649486759
931039079
397048005
522017150
818571091
769882239
826739285
465264255
33040059
236266709
237546688
201334752
780510935
284064894
43462418
167191686
110383369
970486616
410891859
583997147
929234490
230481770
214796403
672103655
393958968
547026799
964358449
576633177
739495720
976882308
470818133
70778804
638116083
535853138
1922339
847722158
190702052
964948354
715648598
157028450
666934897
685321373
201977012
279379416
915166086
729916488
389763805
99198878
997754889
593059087
924331835
580018080
481929674
243083494
526661219
107229643
779278115
756355643
989793247
104891816
847875563
79903406
9368785
688193441
668384161
718490942
181210024
374799124
602114139
793384053
564993610
348871201
291059865
354421431
544672539
129985766
91749767
58024706
357786200
542085857
277429169
713202807
296297080
487953130
867230968
126826201
147049024
333117245
882319634
749842420
526194930
23250895
561453767
606210328
852796134
550900714
939569933
761154342
728005822
998896823
805133969
238437001
927206934
615693777
488724713
743015189
257519701
739404617
960393306
382457386
117314268
592370646
919269268
403786779
447647416
976918386
552184424
600188080
463677071
163431562
77313288
790923039
246108928
95034576
571906533
890078755
108437459
729174497
52091438
941771813
268943213
980008184
171425082
350962766
43429271
90481435
711185414
297770573
569428849
101962315
993705119
152338915
20198481
109759535
357840064
420317875
544306877
207755449
766843711
796002504
481617180
275927919
570642147
80220025
670238149
883673496
180658698
312671639
597414677
315753071
438789790
893342632
479352240
117280698
904353771
330768394
259733708
601442778
100228102
206612567
605292517
884219860
439533197
130626921
105229123
47970933
71768879
723078361
19822923
660376373
890299856
321819242
150955632
463766873
735609885
802872582
533779705
968825738
392808535
554047971
935526941
571063118
952590564
252632031
595992530
50177806
837256955
990273997
667941802
334291134
633707298
462652115
903345528
545042807
561253568
680762896
546711680
714126358
653659386
274147179
792548337
143058835
807740617
688819365
516812395
271017733
683315502
507346787
751190686
672477037
896856937
159533614
670029238
750323316
441197793
809320795
730063050
746739888
570791499
736659678
26767426
189692897
359045378
879304469
112717520
436467022
554495724
124024311
512258315
463103307
94606439
891775596
601669364
980592168
961303289
286409501
695822212
73953756
98097683
864601722
222746340
770073380
214729768
273694991
892345893
101799035
151748441
840536658
130571019
402840990
126444403
644546166
403969624
30370305
484658688
271951529
848412892
765740679
928160218
610593078
550580821
390665503
145695842
716560660
309880358
587186328
337827894
133474654
742257771
420606361
392913582
887960558
707534322
918279186
953259096
844489748
291734819
990528782
996711023
254086640
110710856
714705576
684314388
514367433
915256265
549603816
591427978
22829117
216494804
155222162
349917112
254853389
762778437
818311441
453077407
210464180
971732377
937020655
60858524
313735919
463682802
279573450
633289691
349957514
453216467
865294727
724748501
491361035
727826024
105753608
407239364
662774767
664806687
830844346
746239521
967538698
570482328
577243462
228260627
669826753
733487892
408263854
942761862
944857309
144412802
934865371
750514609
933805290
950525572
638316788
743479634
371845417
817048360
994612061
862112674
574255305
355342585
677816417
155171453
76271784
883198113
476505908
796761702
258490830
730490174
297147781
757941544
36787171
464501511
297508155
904409730
164040081
269614869
380176384
593134189
13295249
198327775
869784170
199954069
460285348
933417533
268316206
282757857
567598784
367286429
384706207
851477589
281170865
878839619
996869031
868355126
700559811
371703954
72457958
335557538
516915129
298067611
283527339
157140516
143623635
488917174
998856487
640001209
700472672
35000441
495197184
193008992
816966681
373594321
317189940
182172314
917482267
37120862
758992978
582422050
586317285
414335782
635149226
686261006
580185560
260313330
876847972
388760613
946886214
282068114
890887052
323871240
181058274
171420327
321210066
806574657
540234435
197193898
15186535
573600898
81536964
10209300
96211095
968366033
666472876
736572738
122516439
633044645
375470393
971349944
530408567
165508273
22409668
990958956
462843108
227255944
49200782
941843091
26130392
606701586
977000340
761442524
394472862
882350391
367169137
614170176
631705325
635166029
38565316
647715887
772637533
135275005
369770100
520349002
912872147
188004538
470349146
196587216
22285307
324815556
456976224
349878442
787363870
656823436
738786983
761359858
580924558
811863935
437440110
661722053
969837405
152322412
397148736
138087217
715874799
72841865
289218926
227418326
49773830
198148693
67406697
390229233
854436866
940574004
597910201
447377024
878611661
194479180
543976443
402792479
170361536
690511229
229896571
462302680
18956610
974306946
104636719
240721106
28017348
83608567
580383084
448706900
84988825
322221224
805811595
506572987
857754806
209534506
499272264
387528584
133438760
65897076
558444504
786218422
877597785
70682607
632873641
176827691
432832766
709287670
507634968
111026665
915843598
270692851
194559883
418832638
870374154
547176096
577055481
714680507
938952655
279145532
466523656
501693034
379183190
340495217
825699664
358726969
286429141
498346794
639081576
584328544
407063809
48744867
581302046
672133370
172962944
807579767
91476744
259290255
432563477
28143266
589947248
1003112691
656014229
44348212
573512560
294180019
173822712
338289717
544713743
714788899
41540659
130383901
57515408
813334488
82918923
529105453
813357091
689500910
189040531
658320776
757672057
862901184
563038879
764508764
59669207
30687421
214098825
223670461
580193933
27724098
155505372
903496068
36030122
77528569
422348638
101781993
647652703
137212463
740563639
991474797
777013639
551645544
327440354
689681267
109042319
749018086
61201995
482992214
743584845
474270180
680910597
843607955
194625591
1003272845
641848527
427472292
681116944
188461533
378006893
942637870
564054982
985325613
511617708
727251219
326614348
419555430
647270700
898464832
586119858
242158014
298337599
539242639
765931630
302585806
305555132
827802536
122391348
387070894
473034313
977013243
111171503
281931305
518474032
143560856
842708368
803902858
921420211
685785896
705641089
729023306
657776089
5858846
702863268
777580022
414011743
536083977
352314102
811975134
199972308
424835944
366498136
929677126
24814321
704163357
461712191
960078999
913492041
463230622
323831578
500923357
224474508
929556495
380169489
271885673
852162646
268296130
235060436
621493273
803782591
777309986
204020975
248022867
810212275
293473006
802176313
774494479
433304450
79655681
815346400
817500236
805188620
165191842
489740348
17160987
79959775
766088391
649657283
574477648
480396431
214021670
578647811
898982628
262775702
467941257
826495944
889090502
291407058
876410502
987220061
750841407
569606723
923502773
540423239
670725351
293595932
716540206
596878411
713837304
791589044
639254099
746577956
889753586
687587135
175999241
513905557
695877367
775160664
935246162
702666692
111758915
759744701
754660176
9265634
710855173
850799814
535287269
648236283
871217859
383769466
467532194
107260125
659272334
834671738
507264626
58529932
800290890
302484006
276373386
789790864
497589114
845915682
960568042
733773220
199396667
983848913
773278366
731557592
24192963
726467191
75516536
842902711
924455619
48514826
358289362
892178430
385191109
307610802
807400353
701615087
364051217
896844099
227729774
546993601
245733402
326884307
459705754
34241374
189931170
726406949
701011148
932645590
290276579
474208625
94293210
915655131
104825493
400067256
559993851
824986817
917068626
30682986
737359126
110282184
240705125
838593723
968809173
860013083
972638430
39988949
576149817
747792080
234153970
287328241
919547535
169873461
414541979
882655464
658295894
418259675
124094454
283257529
843430255
1000469642
857038748
52345637
282488377
509805776
566364086
932668339
979027479
504681276
648349608
233064608
905927115
31744797
281400892
840547250
575217822
827799655
550698007
82659302
862546328
253298621
162645895
676127291
498726834
185423214
742806828
887233547
981542295
684710013
738767664
896091206
625202589
502016665
931019150
894746841
544505584
52130719
216067524
837929690
263705681
463087665
991739744
955063304
467050443
544778424
965687410
507443514
96178309
172734573
730156644
416662835
337978559
329749911
930856891
345539129
212128037
311865325
86543490
404135148
324985863
410933683
810586717
509952426
533733462
141246481
231080575
420191995
426160163
869757857
363083694
467502404
116347105
527517934
116630056
334918979
546797803
262802897
136290714
697108252
271731055
569304718
852333796
370274637
597824688
295986757
341467603
260351834
780269683
80518652
849830569
189507916
895113017
656797739
605591505
430547700
566270007
751692866
306562464
681357261
496508943
428336731
264659776
375045389
779310002
622371485
586818593
592710397
954394640
911072706
198579790
261894303
839209925
804116187
207572747
23745306
703317139
255800768
126498084
954810754
232193839
79980418
989983339
806757124
799753719
109629408
337794859
135656481
211824740
509318153
640664654
339201097
904417071
556245246
689668445
61939822
15988454
218674831
358664298
128036637
240820829
784892970
667546821
658851711
216488726
586250656
934824235
292423991
152880954
96300757
163126160
656234976
566109005
599061691
136561020
856450262
758532377
301377578
130538157
822516805
598676509
196950436
308409230
810419141
969603580
579544841
986384163
391440993
602282295
846135463
913280355
822129187
546713568
131447336
922618848
596307780
792940144
354014937
576479856
677416971
363510359
50004844
370563340
458815680
54006813
871359948
722786457
936542325
215238427
169477441
426136980
736617938
207742570
197733491
791141191
381463355
524059539
309868253
346675096
61935220
497183210
58603796
929585215
587503863
825091367
988212676
966475545
752361946
732475062
211014307
292627428
448231734
159309853
255301951
834013714
917035437
44338364
640502559
860929601
591359035
338939893
401998443
228121060
823416079
423882208
790641947
438223119
603918364
419521986
481702623
388515577
815429580
992291040
822162655
975223140
982775295
976649968
780932568
772292470
962917354
497466475
552000161
654656199
704292759
114911336
256959136
314043822
749965726
994207867
425147533
383485978
853096060
991229957
646663538
674272194
500679813
473116803
370536536
849656635
526322866
859752886
723139016
835317206
890997059
513427733
450055728
719468223
427404150
559162406
681328258
259901243
791716645
665046936
944226641
249286560
762726371
392452490
20146709
914252476
999637941
161973622
956495983
277211424
200401523
902924717
34663957
764221034
127161739
857595616
390752992
442845282
803930839
686324882
755988349
413483766
821298888
293117019
952633789
62635848
332326264
620136510
609061102
59564601
299072033
267550165
838242256
473172110
158403239
735645860
578021568
708614499
638381117
949038584
958135086
504668890
754283664
808219314
334025695
568246921
294840403
110948182
265595051
977557831
969125582
861060649
367829355
32611124
818806198
621246708
267065453
410039111
113043063
330924861
338641148
470630291
426815774
556154816
921248356
824868169
772355077
841565186
601936681
1213449
70479603
40653321
474663570
352829742
80086194
64467999
815181389
707759222
547624361
837050470
841825107
85787233
859682363
312692696
123079452
115873617
786025248
552100333
352421819
265267957
837502830
874800548
346445562
312090040
603416326
964821829
361308837
322403754
618215698
324062938
505982665
971583123
65318508
916242645
914163674
341360652
692439641
451928736
311284813
488686873
799778326
741163256
517780729
164070979
714362669
230334967
674754872
756614613
608173589
120223678
771031847
299378230
589333995
10819451
598936760
533151103
616962834
527596933
654769626
47369754
841088758
942445653
813710927
544529534
712939331
346841185
55086043
182057063
604620874
130790293
940099153
571832203
765801200
231100258
709140393
220551485
233566194
251406280
6419542
394196035
211590507
501788055
419977584
965493249
827375715
107348370
251497081
232113557
462944261
972418293
967057305
402910819
207276592
727781830
169641564
77028032
686733571
420961601
431977513
310611975
849291917
92438280
932781581
568012069
947468273
10143871
585508280
350623427
207932529
217409601
593468226
671437845
613014981
280228417
737949656
633466660
695464124
74770585
833973408
976601597
949786708
401002731
396408023
229608704
612805458
173884521
861376266
877530844
433306205
29659104
436871048
863332433
401434596
661148259
179206731
691643303
820979799
287892584
876491409
142278109
224484792
95101838
546026859
339776031
784568825
335788485
930411556
68884248
229050311
372299184
213786766
230803370
413781548
264044729
200720146
171400155
647311608
677665052
29922198
345940556
440325534
853940959
16011378
563180380
599824065
125184580
983968479
93151607
453213473
860271613
391584262
993362475
224616848
368539110
285948218
839282740
797821370
810866471
921502914
641252892
673118574
444820244
885428321
966469578
771522700
288391582
915966610
35983987
39907712
270775377
588696293
260810058
160038224
873161096
972521897
420081280
314560085
972583407
391786753
113759254
595103132
147078909
798553554
939569122
317801087
471699097
729187027
835830002
893746675
918872927
696053120
717260751
798761979
829484213
644690245
760909099
676001425
273243431
328622989
18028773
44860540
622832280
5534770
845913762
976223663
134089903
387300337
117773917
113819745
900905753
488771291
735348854
555436853
684160684
104081220
743599979
44802668
586773961
708128145
534284377
478323926
254741075
426372290
227525292
569466045
99281179
705640456
929956344
935104754
326327110
565900639
532927156
297233939
801239920
717742440
611033777
805700031
223854439
172221721
462469629
875345445
705591920
564910923
526943796
20645761
185370830
119864876
877045171
711572807
641326150
837628735
209154541
625098378
564080655
588182063
406324460
212140655
243211680
159102602
934924334
373139369
24464310
331023650
30912869
311335370
168943443
689887884
346277991
261564467
760627127
951093736
379419787
704265126
877729579
196567911
684777852
232257774
858599233
644341978
1601779
146522451
47149464
88365284
408438535
495736676
917276067
88467536
706388001
551987516
662588163
888556420
498765778
85950547
454008959
32537255
552589392
788482028
1001057372
858825393
224922518
362390118
321033816
366320532
1005767427
691123021
796507832
572583033
921150799
994609555
182748797
856595837
550400650
786309383
819807495
889467900
615341422
241870772
176586415
519140661
312306901
527755027
461715200
641649315
330468820
921073400
771508402
255195412
474231371
330520815
809403327
578019013
375622349
9392004
636353820
34990836
511510099
657059533
277251410
31590005
909377644
489195726
174778253
579018843
487833017
458004530
858904425
592684470
603486529
486734748
472870607
745517874
298884152
280440556
659056727
927682554
223460511
238046186
924163739
610793329
648401046
930856801
810661872
933418603
981859883
288213576
756692346
117945483
867701898
18886708
647804982
861713552
970500777
350082674
890891088
44332615
143867527
537404847
950022840
255649274
864868523
313546238
975882319
150266083
974320970
322151574
795041866
570952717
220725920
353970483
625037984
121269590
253969224
494126171
277245865
658984611
700776313
366405629
285492694
137431363
670059426
885776481
642166666
883335344
335043883
876070484
149705418
860077088
328982445
552355807
493150946
615676096
352597705
820071403
1004977951
782359484
905446409
296529842
757183265
605141015
850358701
214439860
676068607
444920916
362862177
566272986
677696384
720905238
405012885
868577314
514382320
168520029
729592788
448296695
702194951
736048806
761683790
692681878
100124359
714985814
364660359
248121169
835197451
807356567
623006104
590087954
215396429
60903003
313885762
942742316
913724525
586186085
324796920
207701924
257927097
484596382
701638472
97135304
873958864
187336026
868930707
534072524
832479176
958278597
446486310
28561565
251899483
919300300
541643535
949268837
948366032
807947092
75237672
742393953
280152666
323885849
692218626
565701378
947347924
258931831
541312255
886881587
611252585
811915885
659737239
18866830
639813954
546135426
371744926
385828767
145623969
322195640
583708052
928676237
869234298
437619372
773434277
278297380
594342748
878082000
320948521
863157913
274134944
443969334
939410481
837779137
757904842
14587083
929011224
851796701
368438641
174830095
861262827
213354305
56623458
535110621
515291517
983119910
319160034
980562154
380835456
520966966
585410391
98001978
827885769
933135035
790686557
248463472
157705197
406885035
177492562
865337012
218773290
112367450
554838978
331836424
957750514
462407186
941365895
6131572
944798786
95267147
731677056
430557029
799410264
267004460
95571797
182003877
232314443
550357080
261889344
640344465
455793794
992577139
956693128
380194634
652987594
779413361
303623103
670804221
795595480
797895314
150067807
1003765782
110489359
170084334
812788036
802009604
37659857
157921885
927227259
180693840
102403617
306104764
48557843
15226891
272883979
727585740
572410844
265200957
702639445
75278355
711303824
547525548
231888334
135976238
524270372
933657623
15192321
439043547
520991604
627762120
25291208
677684570
436657770
535692264
156519322
874578897
261919471
809467527
678962601
141054066
762761188
419576416
199652436
221259306
737599742
515380433
613338379
327499261
440739253
293080127
550213714
577236452
613594376
383797356
312691408
44740582
980167269
20436770
814492809
892876901
820400307
727180232
806279870
408420889
381166417
193563362
88642530
917040933
659956177
669798750
254527800
442755806
733082326
10651136
560366598
906284186
630252709
447246194
698756569
35384290
306581088
853659408
480091317
571197825
201166211
590410997
607974002
607239143
695126677
386368318
560012766
912734525
713303324
339094859
850420799
20567438
901287251
752649204
373299064
667636295
831993430
735217007
684383274
955992699
435891476
177380173
90641692
444643473
104987937
710102123
488001618
442402376
394375164
910482003
427367341
739958603
195923101
455448149
77338402
134638656
368353557
235897744
820311074
946987367
763147991
899284822
726313501
834160050
419865776
111724469
734323206
667340167
444102280
729866352
66652973
361072913
418092134
714560010
341146919
219956438
767390617
690952322
170966731
94810548
234444636
817164201
242917681
499512871
420807743
303087248
448660807
254407484
986693871
193293900
928820564
120195110
789838321
463405707
181723220
41831294
1001520100
565457879
8384915
533545224
984130911
457544123
51520850
625948779
913903574
973670768
854843738
203552165
345844747
611136740
448429680
112334762
452679406
643812386
90790282
905295234
714838922
602504254
725167002
535657373
597184632
838560696
309905576
88472919
231742671
30682914
202859307
804139450
308172590
501155129
177257639
935689053
47215944
551148505
408437828
82506712
908649682
748723020
486239117
401934520
864881663
187004873
655275948
591053679
900144967
102587513
877229626
108321592
478606783
524057179
887258952
856145132
617449743
478924741
958177708
920730801
721049618
535706052
450405283
431314987
633045010
239331067
942187125
740571620
265770713
831450089
41059608
622479622
16621433
307592345
142051415
60483526
765079596
348678762
164101419
45339335
224559799
199010881
277808511
495491814
594008647
681789654
482163690
490898234
498788296
762675691
772896820
218520650
874671243
770818174
163955271
67922010
1002037363
919378842
580168748
882940500
208067123
462183151
810884725
839753452
888652156
410155918
299392155
841721969
685021020
194891435
209562877
982921489
853908322
786258217
138708260
66900191
357947724
8939025
295921422
412986653
127040850
162308691
328495614
846240338
458555050
74134428
860217636
666096783
896777918
166805793
786575666
484788367
128877611
701221006
856827670
409034246
605368408
230347578
720621433
614208909
978142564
956158803
353117399
199605877
425506197
879045557
615376362
796801560
310178574
366846925
936546486
181202842
874353326
592775278
40549569
968598575
967111603
702238122
547459879
97116331
536899182
34452069
919344000
263522484
91041471
19000785
180058032
917949951
163056916
432872292
577390708
341755526
331873463
879792641
493265084
260772223
367857733
160506514
19344872
147075476
935485594
313415222
972451202
363261103
781518458
532201498
824926467
436286228
66807683
167794370
576503466
464231254
634747288
887767967
313918378
252104612
16886862
232553703
383139417
632247525
89630820
72017110
76896916
962071658
919268407
747321141
539455883
602570006
641638842
743362656
145110888
438752629
36590811
828214643
577536447
197607964
625365522
409040104
920660598
658511364
445350983
761100517
670203801
648812995
509653788
555957672
292449391
43224198
174421111
481018670
77002844
178249165
654527826
294506074
544724721
565163026
595377826
617639500
821586410
773202266
365093327
994457666
991491042
218985641
498459898
958674676
458760422
334285251
394639797
633127492
89532612
205399102
833149227
465616922
211429808
752802437
459902160
215972028
574555118
896460305
961441443
819023951
845895303
264454377
270471436
80873951
871017934
465656264
337203460
33594083
17525980
780097534
620962799
1002026837
476978768
785398667
79871736
371748738
753571963
575300078
363197123
110477049
395269983
732151635
904340774
169438378
842286025
176839627
966088456
271646281
49687787
930526133
236975325
913977511
407174652
708774528
125874468
950987516
673875078
9663181
940128661
40338207
890481070
779307761
869548054
442153596
245415492
875564563
421700679
43229220
465553928
355527784
313016357
31026263
226676830
18713536
123995719
654236833
57130846
752738585
457709592
352316782
210212054
436856000
874199168
726573106
263634444
834028365
79828364
90703716
628297066
79941955
271253718
734703901
191896108
157296389
213616950
681363123
599288713
9782825
141654245
216611106
634738638
633423866
330080168
77634717
469060784
317416719
758952680
28990634
402096087
260164840
279574106
541205351
186945974
515113627
598362005
656306587
602533423
802139296
907127421
746544455
772846719
652790053
147474128
138192240
540771904
647600700
436051386
372481323
982049125
647407959
443894858
732546232
776630613
772997567
289775849
517678036
180002249
760830927
427917743
161704211
390451721
967180175
236433240
537652502
358742434
659971333
926277089
645007459
334735560
371727933
571988271
99701969
165551809
866364925
303733694
714062804
514626484
408056669
478807566
453405686
755372241
216181047
60048517
552496520
913826492
899129418
140716976
894880985
762013062
778702734
409917616
105838044
920477043
438601377
907597214
504670473
104227195
952475452
80333300
773995083
154488166
814132308
544994503
309202348
23830622
330900817
883506346
260710485
609784259
363178976
71037962
954613998
318382451
556518286
115240520
184472595
587858320
582119136
953324097
402325929
379417638
274742532
939548083
446403264
101620476
628291703
631345570
328767706
954174822
791010080
105859430
97605723
997152488
728520107
687886306
813896552
439088859
123720794
509301812
81827308
168811267
76379060
947730031
63314054
703523254
143981049
980992550
951650695
260214226
826634084
213968598
780390007
920661998
832167313
988981731
507464485
543092729
765966852
163000707
128661870
342752574
879696210
591298179
767611170
736309731
790152793
39267329
191804976
303705893
826751477
39567184
758881208
669155855
4419979
685936686
989586241
934404998
313225152
271768909
810416655
207957248
823218550
391885408
193361765
119227590
376990556
431773265
905673164
1002264237
623789445
496015730
48429586
982403108
645110025
139261896
266875542
805754073
401832272
157186165
366898629
725078861
180140093
705434448
101150206
253346704
418866546
830916183
994298108
492381235
996385768
397375839
569079180
609341896
216296345
990873778
913649331
583161351
888266400
400753474
904141499
647187925
483115122
884344222
688571609
590833627
394455868
136970938
477047386
665852938
691262526
106818711
720836235
972370716
660919356
846409417
403428069
17675589
714269582
203750540
440377509
750677055
943331145
797846227
393820858
295986487
675272104
1183501
491418651
394901647
335347185
47101676
39349438
971984420
169749709
905068523
260232395
239416518
395963595
665667745
116780243
303770044
257289447
212802269
619831727
61599039
440816932
893399245
546901311
946800631
471415078
964575845
989281614
616250951
929022207
31895717
895002084
283563035
1003185772
389458645
109127871
457364043
234810197
477387014
652570673
673879571
839624565
290729864
396039077
54751232
513940775
287369297
599503315
795369697
743443268
54535072
456603713
308513141
639402485
83770578
344159296
715726392
499218439
673830006
606073080
798245714
969059441
139547953
435385635
952676348
131886363
491525614
156635819
337939123
734179767
17034061
46712531
738612370
528698114
677419038
725090463
622104234
808929879
527515882
867375809
491955997
987574734
87186515
139701215
161026589
826350219
608634015
459474900
515534207
236906174
450629018
790937652
305305742
695803447
562732199
596297625
782824575
450249379
680107014
564863718
137311167
494603028
152697836
878756457
677336823
148718833
148188985
944302089
37121848
894536863
517125917
920359737
319737488
906489490
505317061
216064299
808439769
418372070
592858611
43477055
134478304
726311003
696057792
852260574
89011843
155859182
297481368
20464315
917703047
32100397
857866544
246924968
540020919
681613511
53363905
745364298
478578224
822025726
959795274
641133227
974688967
986590106
51753363
449715701
857573879
746140073
205080332
818503874
283051199
414459724
232445915
269940016
970086830
400278090
285798366
679968888
585113114
45446986
410071787
214978330
331199417
718178195
62115888
786474369
938867815
238149150
412583264
869382157
438325210
440756969
385608545
539641727
636825458
385055670
70258244
520510013
779054109
842341832
442425679
941274962
141992475
167307357
466466019
687929684
567985635
266114105
540453986
271649558
503552093
913688422
797945908
419666629
654141377
392309247
135394842
832647977
164893757
923237456
36151275
831546595
566088958
552226097
57689618
846000360
99713865
484469561
389430637
264471750
836620677
274414889
410941289
956914114
690866168
912253669
522445696
425148420
975263586
937608389
843811359
636444640
201914124
807825871
49658900
998927519
833373859
607690240
561589950
118494282
159842168
847969376
202570910
210826555
380179887
175965565
420321591
502718122
34654809
906296797
129124405
910033118
13473031
687233586
836154930
207034915
498507711
980291054
62365188
264888196
632111650
974434091
60171407
114767647
8739308
153759300
30573248
897531927
767115799
606853371
462320384
452988187
778552289
916278596
971369265
437142017
18805550
712749709
29546964
746137221
512429633
441157537
273329593
306281079
572603169
333969333
705257488
766475294
369194112
916004783
761330115
94592640
31067880
441399063
31945507
967593356
886987272
854570433
764530622
922178653
741259482
163986347
396668915
706037221
303191846
936693717
544740028
832473950
34910197
670026719
695018850
81659027
861579645
486662021
903121640
84948673
360679494
774835518
653972600
467541785
996018295
287849762
152304747
295766527
258891043
534637535
321338507
200156926
339932874
1003025681
985823039
298469355
608004498
545063095
26511431
39302196
542338675
349052896
516263668
705617893
482983355
339614381
55780973
769976995
305015455
62806295
159943730
342832710
514822423
912797831
915398174
489221832
688186172
446308809
624964734
994427721
444254080
239988622
793222989
674630923
521057465
812393805
839239894
55904470
629574992
406450737
459322696
336961392
844384481
636754814
144652601
690512922
885599042
211438155
920563866
380092477
948873392
421240229
837653350
838371045
471585477
973912640
910945542
171278192
928574444
246788879
951564885
105930791
273791778
679776805
492008604
439897179
293927815
761140573
112002249
82682324
101986238
875577326
753394045
409921336
350819840
103014136
608800087
560143909
701952425
969350574
498159288
40253557
210645479
246815992
768371014
287132632
887422324
912865001
130505366
585140558
958783948
456545184
651268960
462744092
269415569
116884639
381240178
398429644
784457377
657487497
484750598
250691363
394707500
612905745
542598715
816920749
567496833
1006201862
590023170
575611274
257289090
830877901
568867360
309538446
323608994
227293050
894424635
735896227
4977121
706777882
336525147
54177907
236669995
627163846
592026368
508581254
269993144
574529912
46651599
527440681
301294142
788946381
189998264
404892696
96024375
372302171
203261722
754109923
538496617
507226962
283254477
827047282
441085951
417928663
244655044
445971286
150830243
285096393
415711203
195795777
995450728
331321159
178135117
326581006
141315510
129955505
934691502
560842487
56435130
342837165
329556733
497296525
229528437
472711021
743120324
703425575
842700799
196907040
839694276
905504726
905151739
947634393
111701623
603802004
397221829
677580711
827835795
724180812
589813453
581902192
976864767
558210912
763155129
969699766
228479723
915349880
993271981
143921018
86809734
924099526
292263733
495738306
824442757
982627657
59147885
128976780
660203356
405852909
647787055
553308152
778595239
746510053
986664223
779451712
742966794
722828315
117137406
825459639
865129307
155244479
712079560
376042233
157083767
423149967
317997753
597245954
350716098
324988126
872600859
715975062
996790826
347495710
312194375
302257740
336808085
383762550
999674981
991221045
273123099
40874303
43394680
549850920
382269357
219271186
659465836
702911792
459832576
932573887
793736094
207232305
117159111
606563266
515405789
959004229
968779834
584458167
890459454
170936070
940876850
16373380
212101540
421304737
283522626
635451919
314375239
308473739
747922784
798624152
573412856
16780753
931467238
188826076
369535098
477193962
980368464
292756383
42766557
486494574
754972481
115496778
110750486
142647770
514522587
732617909
934567400
806539157
499113937
401572344
422128933
868595361
67371314
142332533
646253270
348646573
700924490
43791619
423123603
65025380
258037372
303515586
755256198
653070060
112200102
758134443
364371421
121882212
557021107
222758404
914172712
205259456
939006976
412181708
942641513
771977778
733134150
97906424
179259157
660328536
428814894
371176528
385385322
876180628
171546936
80468515
455749202
610701970
949295288
56005236
597168976
531530300
711880528
874345086
1003656688
751409421
37489267
745372534
193437584
612785815
355363084
461671209
238735110
677186196
8333388
422331930
719269283
523984057
222131595
104930044
231292110
701180968
556490244
98713803
229177740
398754392
464214084
232190531
788876744
245611370
379456983
154087003
858345655
836816745
525993804
829460612
337227954
466269051
470655971
585018867
745682320
67530119
462809189
743955122
509186345
504884234
727610860
657226450
86226793
350325884
367427299
695285761
422519544
707527613
448983174
374693741
5400767
468807006
844941403
329672856
910616717
552062107
338265171
376490106
738011680
247202395
926225314
395613876
504867078
788447642
995888543
399609056
802917187
519807751
25350694
429282035
345065337
339217818
395822289
380763610
673146758
812410836
166072039
527651644
223888022
269291966
526527916
840976610
713270407
150517510
730945838
17658447
618157133
59392788
564643386
480995097
608868602
21364585
530643898
558514739
300997329
232482756
14999961
960109308
418417145
747830143
808433265
867335034
743802688
305926069
388207046
474546060
888270465
47260096
496867013
972466549
504450443
739808953
396889054
614619594
339552197
951862761
32969043
980319649
875629517
787205582
596683341
310148420
836776543
246783838
237211029
796969115
960672689
444085441
487608119
341345432
289507172
64479220
481064478
535579739
967636081
914738215
847250535
439551212
566670859
513795544
627485066
667285752
393362797
114515548
951897886
337535665
387400735
887425185
881079934
605968516
995025799
824296018
285700775
19056952
983858749
977722898
117282667
620356547
521296568
886601275
536832034
408528541
53177072
896693663
590981008
48910404
473289387
571301989
367824939
799679019
155508354
151068795
155948169
396355912
610659171
763767163
506355268
180263678
871235649
636611409
955010407
127495428
904399097
910079523
689919281
761079827
429471374
798354730
142508854
953352408
509224493
424799075
890482173
123432216
964981720
300406381
952054726
356429136
457466694
725774949
152067856
678875177
169239139
50642851
683294786
802595034
92287114
487119627
351537408
302037528
408387561
754413985
429818560
686157405
136201692
677909379
418783694
307491271
224270364
285523682
112763132
918966221
193956420
773141853
76987656
296284847
712714671
669141865
861646467
577331061
97404924
721012914
228589273
188328703
425995777
554569639
405424192
637889658
18355377
802586967
373910246
141556778
409926657
917739444
542913528
535974963
220736329
505240435
98258232
312976131
822517420
335249028
500445406
767781785
311369467
378538977
990947969
550560992
162504716
198706451
165715907
348024026
969990057
662773343
110916219
678679602
987746079
496219748
978176809
607230189
253870317
616704290
796045608
398340268
972078577
697803365
178258747
936947571
694168571
248451736
777352688
313608830
227361487
288723774
168239553
868735575
395882914
74588517
821245690
342842124
181291301
416581675
315093441
266073421
368489066
298916163
98143187
908976415
781440040
266485687
548979547
281631860
49310444
392943411
687339684
119608518
221045558
726179931
427970126
263693986
168235306
101117917
406304303
709725075
756709157
474069125
992092355
881777849
200731076
635357547
711829509
776716681
451028571
297630225
945659753
396624429
450212108
137553733
65429093
332993730
587380135
135394729
789345468
970722971
48968181
771064679
538053135
38957842
700411285
153401322
612679684
88148564
189732120
103708635
560719299
63973924
565020330
232434204
258751957
745114553
814524805
443283403
529629635
850457341
169288971
640578606
55559069
150381055
474023187
554776579
259385641
230442394
311087469
488974068
897355692
330483604
839603183
25693823
996933166
227288172
858851767
196931213
356200303
699702328
232124343
349926852
152713328
170866439
82071452
56919088
982306729
9270956
694004741
988148723
780379814
577336533
866316879
836084959
119139871
78845965
524911181
534878280
336928324
1002927200
433032723
399312208
167526462
467535050
280157723
833154967
1003588086
762366797
726975157
406868094
452882024
382600377
687436308
856342356
272674256
748804122
928926125
550963973
104859309
631608282
9773911
263752799
42081817
718237249
562630401
467924934
278187690
484201655
475176099
18858082
338773113
601571684
72282200
576753022
915150096
375596421
987447296
27456799
337108450
132267209
917671082
529980988
101832198
827254135
966128549
278003764
133919734
397105325
345099093
558784603
608573575
666880715
357538507
43719639
743885774
939597198
488775783
362680240
443782543
960016435
411808812
544090751
1003709470
213261971
877155323
753395640
221561637
721713706
308007338
57418910
15641296
807219870
664469597
913092239
215932528
188995930
429255740
520108537
356370151
967113553
400414006
252020575
586144413
595893289
140772241
411205005
497663180
561564917
992798329
595414035
476850225
679119611
157035571
190270672
537079187
26708491
113521624
636013860
395161449
51342417
657566730
354993451
504980725
26006352
756941519
324434000
172665076
177207147
626359447
596649799
283448566
870962343
817461724
63348644
928744506
30990295
653934083
497411726
500764279
745744353
795035683
650038472
276963509
364242421
232353720
579195493
584752974
565353179
484642839
841907223
195856556
256771707
49326714
394266054
25114442
531116383
749286725
781746045
456911708
941773607
81309330
390887664
335099808
517867744
321714520
197413559
796415331
11588049
296643837
344324241
497613932
185146899
477844803
216217744
18642751
344513753
621532906
275044400
236017632
860507577
157975334
241457705
579810150
362479620
256078510
176798407
997751848
271181843
537244224
952807999
864091911
491923673
378548014
797548401
818860081
657478239
518987829
592095070
168266273
163809366
81834842
122797476
835925864
524898750
896429116
748548353
270894571
916027893
209065164
114698229
566796024
961321783
433718079
41532628
160124931
628622326
142350542
253381098
494875733
372287746
274507732
298558353
922871774
113299214
55959516
990265808
599860428
931605033
694482430
422616755
703435584
435368567
956710764
713994808
321526841
879029803
15859400
780717469
134745537
959041315
178545858
975202645
895618365
877049525
340275207
506495503
501416613
30081318
757977276
690784210
49307122
823039310
771884667
985500723
734149356
868130472
478501154
681146338
848154875
999639710
764980170
245275274
668639461
383859851
990090902
920765153
382870971
136662987
528408596
421801592
81883259
526871150
269294605
22264262
150959494
454183785
387783473
550616503
125408802
90331896
545440053
436411681
794235540
15838534
949991529
322781861
988535371
575206763
42521211
217747088
280932646
13790826
542412467
868493936
477771732
762176808
834595609
234434899
131813049
506869108
823677676
144939431
381625529
173477262
627609268
299573758
538509730
621073755
842064441
148220158
647843072
974238028
85656988
263302926
335889101
559998666
424239274
865718851
518778511
445550983
377343140
405225628
641556552
539111881
718643094
735306320
88598047
736162251
365340402
548483878
777687649
329859297
964542591
581079257
653986294
5397462
768378376
508554095
926808565
535042776
397320427
295735726
266448067
357374475
446342593
938468453
32364812
666311775
344653872
774362277
536894045
474979228
577716166
162270641
967813028
123744816
713518727
814808557
543149764
982878252
120785643
76489566
831461128
495647319
987008453
738950078
890745812
715369914
119190131
771973242
490430378
1002663629
263925773
69514813
424709117
70355714
532229107
27924299
985861572
42682598
655594118
416409514
19603381
592636064
328570789
255130106
400247871
704983148
867656484
655434495
241009712
389955538
206156445
899334648
742747980
314378173
137691101
27209868
146275878
653488196
314718224
349995552
776257069
188609038
783513171
586076440
454504569
478040238
461758226
277172678
395343720
490916165
575767083
501363847
465735007
68867402
472730550
614425411
345808039
195808405
339438703
781632363
853776797
605632371
128359194
656641814
204178195
547691483
368328167
854908296
31335043
701565648
814856318
10000331
759955317
555763487
394047281
665973012
835649064
38452487
824346987
912555360
594191684
368332700
484266484
485692142
144233247
743597745
663579565
682462842
720924228
779034219
519379177
857152483
65778436
621157953
756313466
140602506
236669703
944653346
255411563
47354008
792185236
964346452
215892713
743439780
368163407
420489199
73547682
71191069
9443513
359545057
248624876
580234713
34976143
62235820
310713087
852752294
342733695
372979729
847522712
261559110
541433983
749202196
780355777
441240043
28180204
481901291
107468197
896910707
577567558
281898826
176445857
455722668
816187987
141579011
365680923
196204703
645646874
310102394
363136204
478565638
259554895
155980690
765006929
585134068
453414921
722093924
706587068
807700403
349203953
93042237
39670809
284350988
886383757
701330413
946255722
629936735
734139772
986830851
926323301
677397235
766375949
851739413
255889370
894887474
282504652
758008249
611977742
303561859
981260503
119366360
956163104
837828523
350616613
223336133
128618543
612210841
797554894
587683341
768364738
964243643
26659838
463148917
267024544
749550588
609184600
978021214
551350255
714829670
453119788
90944521
935694105
720461344
541371548
463255042
605396869
248845540
538740556
471119311
345126335
994356749
99125951
206923942
266606924
719703480
114284256
998044873
301014317
373104823
962832910
500771120
415062934
337203844
448866642
79881630
919136634
54935513
249698411
949343173
367109508
278600976
523096141
57485878
365087203
965655682
870504608
223697430
132211145
953373036
651145225
608089941
400184541
787081793
45269781
814014854
166216066
476121371
643187381
203161609
496510705
372551078
553195601
231919364
482701596
1000887979
634387488
600628056
60191893
41689057
321274304
175780646
939183763
78928935
569754369
52038861
481392952
257001228
285905568
802884751
902275460
493416078
951819307
903240412
822847383
538240484
934815796
996919590
480285431
748713226
597137122
316375525
197079026
61689195
124976557
712700647
301727008
884759441
157481720
78473896
373457181
325588763
776345452
473196253
171133883
326274499
584740967
352091340
332020935
460831726
26187247
539787261
491009510
294591917
26155903
193553799
103392427
237253211
221857560
939175381
223541526
835221210
655038309
696118463
280019900
162653866
589348758
909029860
406114872
42960755
662823767
191655198
812722120
160285411
302655115
130391444
525395855
693743197
555213311
318139722
256721220
179742326
625166600
79461290
690330484
328173435
203315337
349699257
633287644
656355278
615457270
414809485
239438373
386948868
622389412
507357129
1002773586
787836952
240574302
789784530
235389746
593178161
981847032
31002688
603726211
507819721
187707536
207086078
602218149
274149375
429627627
501240932
324933546
106633032
10218538
438681263
70908805
722101598
637352130
833563583
255100429
614597427
123546919
738609747
729407259
990987405
453065672
344065480
952788706
995076890
76853448
844580270
903107031
894538751
328712774
523538013
563737150
606266109
406829759
949926904
190436305
410026941
577156859
629409289
800843956
299533227
785625031
735736965
882096086
615048941
796700670
615813554
47420558
927565926
776501632
902983111
131538629
721938300
489676809
486630473
772136032
935499235
339798932
731186770
969506695
660319778
248890574
754097866
550050806
132535290
416996635
863177601
67451948
410431218
629818537
673111481
218434698
478765408
844217084
228442911
450559671
713654548
289492408
463917742
727099639
269702329
462845490
186989030
709866981
240085313
183473519
401671921
685940155
408940314
843418997
299934627
434080992
566050014
171502704
678511466
328664579
563972948
672622522
256143307
458898571
858417197
882441737
300666555
311242537
197714557
798793717
596829525
341976617
396991700
790101280
981893532
839715163
15524318
245106254
160720796
364293743
844657227
983428775
217184496
948992834
93936810
619849976
941495058
418893012
687891641
46793818
865930037
119483897
591569912
843773823
550062817
276349871
766043088
974095087
127205244
80409973
191924206
462732333
367232734
281873627
866609882
327363453
143427696
426453893
795125131
615158493
900827273
980271096
313538855
499030736
316684034
497893785
382088770
593305754
392656943
84196945
152152323
399530437
326860695
378556196
268030964
994716744
476599259
858065533
796606841
871651270
953030313
23298569
648941533
730252012
652560546
715150445
796731441
806450643
565726149
512946281
174893333
16997770
748934926
602487716
691677211
710534668
256137012
304194153
240813887
966472327
764395283
688772684
866796757
31109706
678124760
566412987
108998099
81576335
726756032
720486413
901520083
674526412
268393014
471533827
641914910
856084003
259605416
880533461
721616268
65704310
74535215
908561486
483243483
304801954
115736395
949767282
486252708
621536699
40796875
160758713
652684702
229381149
720393041
1002653387
226615549
571174743
650506315
376102074
70258190
381404146
771867204
833052015
372957582
430499245
467253682
120476699
802117238
981942491
466557086
58716214
579318894
483942093
188867094
780823708
262769454
469369746
507757750
372771981
551265497
266565585
244621472
284897785
654378845
239170630
129048415
360031550
61517324
256205962
207316311
229466858
767583354
563213505
376105658
81908703
464583160
866651344
827794183
217183938
957953283
590592203
144886066
26912212
84386422
857586299
697832621
980923765
388078686
823370292
320914033
173937326
626335905
618612027
786655210
330214972
217852808
847921845
702721717
636748219
162324645
972150783
305538441
754403530
669219798
619237131
106150394
38252745
76936437
277118764
189195520
926171769
25018056
414588370
171045849
516285851
521220988
981169961
842416923
414665510
291981077
623300551
53302989
851221645
62770975
574392207
595128026
196080862
639365350
504994722
848918584
963296150
767515470
669966069
855961862
526068394
697170095
65738870
26732766
351751899
480977412
52001140
420580437
867279812
851858695
19779973
103474617
430551711
145402331
72726741
746298886
620493452
544986168
413383965
818330326
427952460
676757132
614727636
735571964
161371705
556702140
626981069
929717203
678023145
559981480
325712111
39699198
731050188
605296783
815972193
255513070
685796130
115572501
743802714
434668256
828570546
243210430
219888338
591022710
146568421
505579690
615229406
976600019
784588389
530536240
960025766
990861829
423583720
609670660
273864241
526423897
223151169
322854112
772173583
775206154
675628816
204327920
96573128
660581862
456216553
982464029
491501058
680356619
64894839
402256327
831769245
773699758
141864290
715065464
698323698
924917258
615082551
353098712
881930950
454671496
140424148
901049715
50481817
161827098
930607921
37072014
131884478
550775070
858382318
876511084
317183984
369370207
61220170
472641523
788844074
874927721
168326713
932915609
971406792
437449846
623348376
448369352
703037665
242107455
868563898
362662206
689418784
791959155
383901526
463477007
355287911
484392093
854909101
915270903
120440324
604936308
746833379
719680247
761284375
355408442
89303271
571296656
959049104
906248988
112490858
170550505
220791690
464023257
873291041
243290842
139137607
26996567
154512285
994087146
895300166
330841086
375508214
874297055
221990573
251054814
669636078
158416201
6340092
9449400
417995231
534556191
362590696
740713424
700467696
572620355
306220669
198986080
722703235
119795869
191294819
233798805
93440729
623428378
783919378
206879335
341084924
462347378
208383321
279707011
186896621
799497534
926283866
393769386
608157165
88640591
652726607
331155185
562619521
713914854
83751064
177306863
439568648
382901246
216465725
897279867
359168628
741757745
742800573
689652517
160952447
13063127
939488961
700822033
524407171
917360613
798468693
925859139
697320890
814026519
740672835
46207326
941834987
40749680
804627914
688938019
852644090
427820357
350392193
369190346
394568866
646789637
396275404
783933722
560051945
861581115
476028181
431684038
604257029
485751626
867029620
705757225
199041286
704718875
485954266
719090410
608933916
559460833
929823239
674936502
548114768
16969892
625695122
998043431
893567273
997931931
33660700
797814045
430308908
266817936
678185714
316871036
391944470
636422136
427633060
485256790
538945358
237400165
559150298
496434371
58612532
66599095
225016758
340586013
753765473
472976969
350999768
330148925
147870923
892200414
895388815
724110567
164401062
348208807
580455356
656920310
112906945
883267982
316672442
859323689
91217799
662827304
120723986
559895052
679890970
379929165
37276988
191139880
322404897
789198795
94014322
754202076
30018979
547485720
260658405
911494133
623444247
382173402
181101219
806830319
787373108
885151062
533968838
859973760
370773485
313245730
814020403
395517342
913159607
655008284
615626662
528244072
826972284
618648556
91411255
15028130
562389289
462389636
222972078
22028053
709526473
730218461
945130739
529026135
810617981
738525826
17647677
478657221
432715798
585535987
958745007
771922909
522816809
264738496
186024282
961486377
997929413
386274570
162725884
560533338
970168748
352646568
862484870
423159909
335965967
122360043
940946163
407031157
720528309
816794348
978697353
766139980
322187528
900257564
923386013
322095771
979254275
973449497
108914094
219995482
21193178
380265799
932364097
513260185
697298467
71115428
465407308
876176309
814649965
775722020
726748010
232132840
877670139
910983249
674256566
868879401
748911444
950351578
504134048
718685442
650959186
496924427
606267010
968744519
191622750
257323945
731251894
769786579
522662908
490838330
138048017
389392621
857917518
191053794
131343384
246188028
826634455
991835722
919854202
849718024
217433008
764912093
902669038
627446336
196526272
259721056
615555044
104817492
10831056
428553962
113717366
647499681
133982429
108308171
827340162
890753569
432197739
420505872
27493855
359372930
923843463
277900826
546099081
987909899
705158533
57533520
32824943
460043418
887251848
9952711
703457209
580392859
876809116
121470728
504030279
744948749
938426987
21880803
716841916
88793085
669518827
818420943
378776316
205725207
769382672
393833344
204077538
214443775
126434289
268125039
177180998
586592148
104282623
642347527
180499408
228711576
300255795
136935780
389300623
310322483
307916822
776361002
544186777
20387441
540003974
657033100
515510461
608299192
538966976
433323054
718160656
527220879
24201578
514150131
569698507
933420217
998556113
281125792
235576203
96372028
455340062
529737540
843248155
62148840
129389766
74032499
399244806
639114005
511981299
826528636
278004285
194439994
757192917
817532012
602723515
729227168
322370353
370229781
216666039
461247639
876750577
298712254
182196438
553729423
639952606
463950727
116433326
505009505
659363751
597206165
432011240
850260752
984632571
889689874
186361338
86526797
877286382
695571584
882602766
958785435
595954335
568821758
278144422
539966909
521519425
621305150
983875365
900009732
708325529
187465053
303421840
191690561
422793396
373938560
209583529
566439614
809441922
94746191
444286535
728505696
486144073
502975273
927307734
678147108
89101281
659314883
867442424
726338777
715811704
677563988
870759187
139616997
437412243
263494525
383006670
164677647
104063314
505341924
824679366
171485416
948254761
338795300
769757787
563473304
630981749
301007930
414681643
18340884
953917270
87785853
490564045
511560454
33111563
415150848
135583365
925246296
113411290
362319805
60860101
961125738
163934033
222459939
527740202
558065299
658392729
681096117
776749443
497471447
638697364
901917523
584591647
905083247
348331959
101064614
751483653
576295010
299351339
639698540
509178257
781817963
750302237
956980800
172282274
570226353
465524057
404849278
334606140
922917265
238539243
893022391
289325910
86507370
962138038
641252944
353625943
485781335
817809025
656022788
938056325
384278834
682535456
571257613
499811345
913972863
716430327
487767466
407829024
19236222
656690118
207749005
409050084
933103323
575094332
127098363
788576219
871551454
122001215
332407265
672435350
452925693
471721436
831892879
320609534
445788262
149407552
662586709
162704431
468120103
413222785
574901650
984259951
79317549
106586498
595172775
640304506
672743426
605009259
95189930
987881928
166696476
561208146
581776734
786736831
262466018
626787754
370886497
748632431
526630208
735828756
151435382
235047174
495228730
13979697
183984298
371271558
443389479
659605265
61825379
646921839
829830122
264092337
140211040
201522044
255853421
998916278
829434185
948839124
995582222
224891268
205896566
353897223
785108287
989593640
86630409
828007562
601292504
149877623
50883533
80554660
349481229
874866180
918173553
473649513
97243847
678731315
721916114
597624889
646625326
197105139
386653663
793568156
589517735
777455245
881786497
596887462
872623303
83466080
924011210
472983503
985585833
986770601
747347052
985005886
209226925
482920154
957799824
650372264
374748855
635291480
299460675
324956690
509225663
184991578
88857175
565179772
273035111
291377920
294355975
225430648
797906224
585527737
390994338
984217468
288969565
563430772
498713548
920718998
893095004
845514944
186989074
386466129
183680112
644473316
300955991
813453644
806312105
282362516
464282030
802834078
339584995
628587488
598883834
288880669
872606159
827762100
327029379
935392389
982391296
403495032
647299170
201107014
532923462
998307807
587955562
617037368
214403382
447932994
636507250
110342462
579603279
158563878
252184206
904083500
540890000
816931243
877967029
254851433
915403904
22205469
873046555
732034224
131799194
220166939
453099439
43129239
936926428
600397417
545505277
874060534
79772647
15318105
962941668
206096096
224969926
702813222
434883903
666081764
317971076
244972962
794982936
536848902
774789661
627381258
620447755
94597642
701485948
501660711
748253506
644615999
246643912
233271915
385636851
49838119
547645186
241118736
935850068
411328647
239117454
815237292
336304270
972339596
906283089
309657898
732197445
380424582
182856775
398355980
827519287
322500649
734942682
128836311
810525261
403442253
133169129
482546848
530016685
669903862
802641224
390163921
953817207
943987706
934117027
297217589
820839459
523475533
693983454
222016223
635209667
788548161
217458442
22197651
106534069
32455745
356886130
38219643
540528714
40690497
87420912
92516310
684329787
185275757
832471124
672072570
60643182
318431618
564961361
274741331
949193062
651747384
142548586
212163042
179680752
878531258
953645972
102758908
314405032
774489443
964332219
808479425
836189435
328367912
471907733
41012532
995128162
217480652
644433421
184119167
350881208
655596411
600995575
33624648
138794193
133663754
403624605
91330126
812142365
951145098
345897910
959301822
506453474
941485042
937499980
910445446
49847046
735654758
934590768
808605110
84370054
731934647
126977484
601658161
325996911
400629664
126646585
199543206
646636744
977315480
84090824
535167315
583004418
19780988
340109208
322966756
843109305
524170250
428668858
171921046
615583811
978780009
870970542
716461543
891522727
169814760
941555374
612521183
673944561
895920269
250285807
588845028
368225139
433060780
676553647
979921633
759596097
504538435
786542590
784137508
272009441
129535745
174609275
812479607
991914966
13499664
197676420
939943595
751544214
751908850
237504961
472422955
793726425
391265856
683684473
833164356
264752986
685430233
432585512
545211163
648608165
997894794
459820244
711560919
256830745
852245087
551592995
460896393
195642871
486489053
947177921
428179375
445411551
798325711
101354683
914967169
273179694
294062252
364197421
107054237
751163279
503932000
445594949
707137833
65419283
388094992
642931048
176749567
234824453
247804324
191690089
39961847
891783393
594585983
701796800
792112094
539597077
870696148
769874365
929800599
503571943
135674890
85972878
78830527
163721936
348318943
258741818
509156367
612525628
266525800
918359949
69115480
688546294
60939600
541913532
250172350
740946383
692212822
226039092
1004003657
69424229
876816838
320220939
198432707
202753649
916992008
131707279
323921421
937483092
949974067
243615120
924429334
727464692
743679871
754420446
885632076
72279495
450035439
577895113
988504062
65976841
388150443
685577541
915179930
977089695
888142934
996343492
263070195
148693489
962419908
155592016
488197719
992822286
249163937
200558562
694225562
630773625
96551609
186658605
205925250
815448617
770069528
361557839
700582809
202102180
208379832
601017915
695848220
650128453
907262193
888235095
622997805
814968847
224782369
404261277
247727090
948797833
819096202
808596927
539564578
843632409
70093931
6741833
994009242
407639506
135565885
433448990
233266640
191039408
134678904
157098611
358434011
281117027
179677498
815550759
370725075
491268508
309528994
536786471
12563733
658273366
60011576
793423315
179144074
66624379
963640082
154597276
666918852
366837199
23660001
449690973
854762123
503076215
543226257
996060134
594520983
803460882
475239565
698421523
622573478
586024962
161678467
752864735
838705862
956610871
997702250
137099700
522461622
186194986
754475435
640594287
164402045
548303549
483903097
44914271
860361976
336246117
859927680
548123051
839121303
860256816
529684491
972516230
100233343
427150944
665404842
20210097
832997082
444280813
384046959
883622144
638784094
320821204
961818693
946033021
519193169
520229841
326208116
718946189
710110275
334628900
874918964
182336693
463087348
697159722
595382656
715100662
397336291
790165971
154018573
343569493
712219988
826989198
844361223
56341800
232704920
723089659
833022015
814870581
919035264
384247810
329448506
786289198
237088593
534599532
141443561
96483366
839185524
612032128
613920788
496653747
374853909
347203056
661317189
516931818
372935773
253591799
176987301
18384317
860274241
665757663
800067392
455573839
421720187
671395884
90670004
530057784
594323059
37197573
135488038
892644400
105334132
989919287
221706076
761823494
200557990
215030097
315838859
770573558
998318942
716032459
406578936
437329646
150499359
799989405
965843206
577012574
765178161
992380498
993636277
554649739
557382933
183791324
509424344
753617966
232020265
297002097
700025074
641742902
302836126
573575907
12281022
681955688
638084254
893473045
997229343
439252435
26314364
165322190
656027275
90144160
747501534
473513594
128288480
785655964
163986084
908505115
513446529
375104127
156163805
647366419
35631786
909182805
663014670
429557597
765060257
197193465
148320059
453900022
512021805
835052549
207110449
507432001
119246905
681654806
792103835
790821170
994906648
613618798
269109808
448831345
573037682
386002482
448155061
302806960
498337111
707799777
104248151
415137358
487054391
261999145
927971350
689757485
830130061
379270855
211488633
943646692
612644703
519378253
816365389
146576715
648813864
708391879
123559391
315857530
141507769
891508110
765924143
959675136
292064524
259272482
219297374
980762318
822910046
374072640
173601223
227446781
621174434
207072078
184806087
33641734
775325159
312334945
622684417
651286172
667805423
668515901
523210856
768319643
872793833
910546655
297120164
109097213
789221399
126391466
21931998
600386232
1005071316
943024550
103887164
769596655
100493832
274703909
808578378
678933748
680969130
376488804
923343605
120019315
398407682
959366095
290597519
68194028
428694816
124005493
815121912
316230294
980225677
710365476
897391226
729105732
856031917
566332361
893968840
348069675
520942511
350796831
490345638
755114884
555284513
31064923
518407731
394755024
980321125
435608253
959410375
984073080
67556002
431508962
849560950
786522520
26933326
431697067
552071324
616405905
917518961
846487017
217050444
20490560
390680948
816306206
490632671
48314592
201805397
983863312
210941139
65511438
695573284
256845801
219674325
441398070
452267452
825453735
236492098
101912248
99748893
120183758
589978104
290212822
619520985
31041025
32135627
880965622
332081920
65005888
366383322
154127148
682235409
576148612
291300390
141836706
10913798
700675873
668146310
530972140
251371933
387744266
196874773
681085687
559418808
189752317
611353589
802670350
431660295
394386190
625314501
512756903
447081341
79342457
722724438
460852844
155272948
950969395
526833566
347807265
595438770
193230478
970209179
352145906
481324042
853277748
716188335
424966246
284217063
996376201
512480521
982833350
614077830
244132571
410406224
832796136
217917673
386662477
84175507
392022804
241836380
525829628
747148081
706257898
26340307
635065633
139323482
543323238
429164630
431900688
93039051
63536684
951048172
419113287
857419068
467146822
371766912
203428816
207277132
345852699
10989265
811653554
736508250
79408867
182296863
780062000
683144051
734325793
433284510
659425269
11677104
288301465
402250810
183020933
471280365
154018832
676438983
805431993
361231983
84420460
173702611
80786881
882520825
323616668
638019722
893499162
890769117
223080964
694806444
924062183
423628025
620962306
246962476
69190162
882117804
243576929
86896733
310524082
231667439
784761277
425732564
331158104
6454120
768074768
601837309
329579856
134529022
560552228
143500024
519987463
353754862
158434772
370502658
687484300
785928324
520984794
515553437
438186862
773451751
487685998
124961510
601892898
762935088
220159546
240967006
999513650
570702145
960496812
810180144
45683705
862937835
98067703
885958889
587337583
82740047
525134295
559791674
432001164
843274604
797709899
672888826
609778362
105353982
352830436
449403101
234748821
928698893
927029574
757798224
181701106
832856789
296331277
410709766
432801284
124639604
775348905
896617980
361856613
152399016
875012732
452671027
901227465
278018334
534664027
186370451
598034174
144705117
27716591
763528939
616024811
161380536
945920506
42073856
819032068
997182073
889965444
39408358
960055433
89357703
676759427
443192462
97344361
339188153
624074738
643834819
554685189
214929399
841122442
62062842
526740530
837805962
15778517
286251495
818951864
551199676
280685339
773615529
893021166
213018964
694517000
146818618
112145460
52051088
229426542
473162471
146747499
766805901
599368414
416402973
174249432
901826858
754790377
275132689
165087471
67562860
296517788
94290448
683279708
9672518
520689623
539197270
238462194
214583945
525709746
364422960
405370788
143959444
850668290
471443198
354213865
971578454
180826324
47115553
829311972
17931990
868121818
643969383
890888243
646169362
113145064
106097788
502424498
319813154
231302572
745185831
179693065
566539681
356045161
682253026
76658762
182862579
909815125
834259775
237283948
730336766
637549468
715567524
288530922
335667148
479919679
807883827
926902370
789156748
205006191
108055069
924744071
301469478
203248356
750748091
411481455
520141437
698213863
424303125
967307195
301849221
626791865
448978556
362981000
865533508
830197398
774835987
367755398
910937749
522404993
892470389
883140339
375237319
180653855
617993928
324761144
829768587
776248166
662268663
812656885
450357982
133298642
595944782
490281214
402687552
753071215
119357560
124052354
525154498
164146967
662233419
67793686
523521403
96098585
914798629
257048488
605557085
370104605
411629377
455587883
460381252
268726627
497969834
484738758
274590140
47175431
687766228
206844302
961507537
655514713
829212369
669746878
844656374
980436052
694817666
280139059
233799926
594897464
353716959
562923212
363951118
759818588
628319417
78226292
550198902
518824411
471483852
183137997
970081478
278210352
504536420
453475368
173429506
836057400
963942386
1005675365
799682630
164606417
641762116
14763257
762936940
974656228
763620268
745157212
578230090
217391188
9962715
281213274
108871013
84542398
630540321
423257066
117763928
769433634
354430873
411244
998744060
125346000
345805687
881081605
73082047
238682949
923319069
527597031
344555586
479789229
237788889
594483774
55341625
643063017
402765881
164162373
614961754
106346168
256757028
223057221
788490819
518932517
302060147
903740149
805361993
747512476
692503015
473303783
17818816
113248762
462337891
869665570
312397163
334822077
349986345
599589676
654730763
369027233
708663175
977995254
593128942
603053366
660568795
172701890
63809844
218852284
896723379
605366949
526780016
646006726
175969678
949752054
787668046
690013192
152539857
335264281
953178975
371428127
573561331
693588178
687097483
956629819
54448649
76959652
171947115
928025665
69022669
889204139
32753180
414325205
73066552
52699736
34976523
370934978
253773323
578584153
410971532
543804204
705457971
412989609
798523822
522025029
905040370
853099544
201803534
99060624
847615263
29773465
128361842
948861305
321684396
180998689
226079075
491613583
734203305
184637480
222221540
581581797
934015780
542115873
956591065
443021436
213709864
505631845
757649374
973501252
800476001
884129239
753740178
609083887
896409075
890868647
16150461
250958492
142594361
962379788
96123135
311724938
762666288
235924005
230496695
796197683
903199625
330485801
78805285
836262001
617356804
762849084
323644745
609124134
393662121
761821969
972820064
135603336
383127130
850809424
570958252
670138911
153322296
26139448
582662476
13466224
939790738
751747354
445505396
67556393
136017320
831586669
526720786
783862996
973880434
197804999
436898379
808025135
914584736
594353787
968097438
406350222
425062230
837441569
382752581
15198454
415100297
190147833
942579284
851778064
388174940
493346183
844677814
634834764
681686483
906830102
603306820
230684997
54090101
916537658
237940710
6963881
345775975
432563207
274386883
995697918
195914077
515841706
832995524
86666327
23389667
148709479
542937190
929212395
163503114
894915144
613732210
967514934
690262831
722802716
644784666
102480632
40117374
64705164
433558860
315722612
402115223
295416405
457551951
859954248
568208306
584486146
72452907
120762386
93910175
484711341
772432682
496131172
862598583
895487470
442636585
900404894
848332125
241998700
659810096
807411758
249744488
739215472
985384051
79207545
250702463
176786782
109243407
816444531
767083719
857285294
505628597
737222151
487452985
907058768
672960213
200696120
589474527
95100259
475252998
549086139
326470610
752208914
100762673
464247919
296260027
927647646
266757949
735935987
277614714
169404390
244931703
564487602
682002460
344050628
426319294
184568522
461780451
622480733
43273990
144267651
921448217
402830550
998360705
965508594
627033506
325692764
336264091
298471621
857107925
573315037
129917716
239692950
574349478
623103467
485128168
174966851
937186652
696703710
152621359
822875461
644778610
209135543
150405024
56219280
463727363
888566713
181204528
660039334
661610800
855061147
429812898
596375294
617902025
447246888
797222912
57382411
723308096
848037898
606595507
50832400
613141759
215280908
619883674
83598370
737328222
389450983
794028235
926120772
927537472
254057321
571267321
179040783
141236937
499363156
714167603
254493677
882873645
993842735
702543085
412899238
388876852
297959756
996303089
255165726
284686837
905454034
968691683
748293400
347171570
562386007
759444285
838153310
76230580
923354209
670171674
154882196
148671540
248301667
887586381
622727884
266329351
477035854
546954203
858391449
790477921
757461160
717925249
415288247
846130389
576008804
354153309
930285400
681787479
987939841
912552794
893405610
295351451
380217081
226242909
191185232
308965852
713518340
760505625
368701376
625692405
320129118
653402577
831817206
503569515
247994757
899399547
979616402
830709347
670266803
865273863
564401510
118214816
967878845
550470477
264950412
142877633
964002133
504046543
698620514
746343737
981816446
613032417
441003418
391156315
594888160
889511586
506362928
927146483
313283265
362911272
674537360
662405189
338629708
915984591
702369981
213472920
11712669
448103059
639473813
73379855
730824910
231612058
151888601
813498740
59166031
76455376
56541924
435316364
582721258
120258201
618022151
160542316
912359779
619607541
480854917
786998347
654892122
135163954
197044361
451853025
345149418
346536255
728296950
23872079
721517891
942511258
899572549
363729500
50244454
490094491
536725934
766165694
322142423
348552144
521533927
289940527
151807938
178754431
659196160
142694721
810804636
736885536
111708565
72503060
53189153
104765579
645197273
16211089
965639798
886261481
785697025
537545931
382479093
502309323
95975344
995569905
18997612
315652516
424461480
143843251
296639663
878546680
901956436
320917093
490894015
215971797
82941224
34555761
500462919
759173477
714855406
209114888
1000159079
212567309
72987248
948710235
730072834
620002255
724807297
233118787
332495068
329841088
931382705
637374143
275410422
828699087
574732853
362779216
407442477
187000708
390699196
351683558
505672707
148347643
755096769
399219966
676817020
927744623
298233044
543239845
467388636
657384630
817687757
844780733
850891831
535022517
582383732
583806747
5018366
950454198
105741575
598147244
483542242
124436772
60935899
286768294
812370716
414220551
321077281
116002089
839375271
996666810
914490715
446535871
166906312
246894366
789748855
719488042
577400018
665963757
1002717391
772153083
604800509
58574034
384160025
475738711
174003063
626751258
9633947
956942820
498877699
543891356
599142370
621992715
504412979
726242949
639888803
45229752
748404004
361423311
191278537
636023351
725436424
711659448
379097761
626147757
235479784
281745991
615760545
918675590
685974245
957791433
400067680
349149500
806954163
581193900
543686981
831799007
702819971
541678799
659954755
775211653
539008717
78241942
485183918
195094026
929216906
170101030
387959410
295463924
896414311
526999460
525984327
220685371
74353501
367373003
201864815
198355072
411870944
963509336
350240641
962718276
956648903
220875904
439134769
329341472
680387301
333216078
361937600
582487627
648055455
963115522
34096922
629335380
861887257
186573761
595491196
263762249
102907008
292030195
219027091
496348086
604119175
448273080
440298367
420059524
740532543
808796663
142140713
12069934
330349667
504989645
566594591
832124156
905003737
710774348
511776594
732118630
695121049
292872237
107718854
536878152
698478369
207599770
879221139
557881338
856469971
72771024
955818099
149240357
914501077
740048263
279533240
817724460
658274913
424248806
140268509
942840705
243507444
409315501
466803062
172823941
808172529
406153011
7408146
856861888
813391820
751886795
419709611
666347527
423047219
662296310
523829245
524047432
927840570
248780850
381047767
621846010
630346969
795581419
10992486
863925657
944995455
308574976
291031559
332366628
869628824
746001404
876397320
124956819
351599380
919624888
877898239
729797652
70749321
295430437
508873941
214914593
883231199
631118438
73954852
451170415
103849831
204515151
158249967
876561082
999492288
272880031
259546916
783187949
317776801
454884160
410444843
729752873
945432421
744450465
363198790
801568114
622203916
620142495
39792291
944097503
783352663
929547071
844830332
826913144
764982347
460809826
898750487
123238254
44044771
198949668
133882888
338734714
942274130
772611474
370499070
469490719
335447457
529159482
597930491
797458311
18773146
744185316
914916120
288994330
6031716
85695621
1005927988
657539250
879269761
465815793
355908625
198591236
563140761
879319150
573432487
862840587
634924200
629943966
525151179
157579108
245774094
791910751
529391981
729985421
582473492
503282189
116942884
926178312
869468538
354308914
429840371
503660122
959851827
73874380
784967969
26310959
328065689
540383618
217233966
277999925
734556212
749591443
577967586
266483517
873712844
568316412
602943560
797062856
590278967
685753524
981829597
1000417826
789955242
84991166
48808994
275641884
895442691
386882787
959462574
720859214
338720221
938213554
480652967
942027035
170843321
678325096
650453063
313871079
992186558
267863780
573093174
192641468
13321447
665985450
751485812
172554464
622201753
29629496
579827481
471291270
67366113
940512639
152053925
619402213
378140311
603236956
649542682
218829732
330411209
655957271
538390509
205101500
132570021
30828337
827451174
102021177
399305284
17682593
722255286
310949307
861359307
716429694
35179507
688550311
31193476
310134117
418866726
315092665
881712835
732217875
291591428
467728388
310716265
991734492
610094974
83297768
551718045
901596045
906725067
500273067
792614476
837639783
129263545
717162514
680423186
30941485
657188390
655933177
708991528
537839776
1004308257
413737066
285035576
477926315
366105040
661799251
550008426
177670753
420325065
304812775
500591877
761231413
515583576
907161069
130643268
73897630
88901142
668872984
345422210
232343338
833089999
253878928
256467259
454315227
397982502
599836903
358107947
295244256
142168792
186902014
428611848
524143607
789086843
383941528
281315830
412614085
245711513
548090408
38404988
995603837
891535830
94244511
211070439
865981039
915707535
424343779
414018115
507960011
819895461
402038022
215657357
317828489
279448373
837286146
330353386
293137728
454654440
795524752
651727628
38682371
974177308
628519827
54603192
122169720
366239889
519890632
563512353
53177268
605860638
472260283
921587372
136596854
103131877
678643909
763115995
608712323
680534201
988097613
965650387
974436047
161084188
565120948
699131805
268268169
170274917
867167744
110990122
51912969
376685454
645230821
940338172
792886231
243143089
309738979
489273366
117637290
640943638
829594005
395342798
280385148
28697187
785429799
330395051
282794287
673065104
569321493
145620531
891173451
49932422
89824581
6336496
58399622
856172915
659793961
74332610
776321886
10085041
727996811
711862947
655359922
293436693
920596242
407936722
543980332
382983092
839743884
444217326
943263160
574779626
642255771
834200501
440055585
433263061
583321189
816888999
267057594
784184594
589807221
65975790
589640697
48686609
529184448
59561878
928491631
779668207
665016138
244030670
986930136
392534743
237395688
711589723
398449269
898136008
413708118
161688962
656151032
964077927
146813249
233227152
695907428
948909323
628607612
330618594
838502536
958417231
865904927
650748015
880941635
76981212
524552711
945778440
571967131
291627948
35841773
717397136
701374173
422358511
557658746
414246465
500083954
111600399
824348815
634918106
947435624
812627772
31713904
401638443
882583961
581178846
586413477
898541881
989075106
8996251
1002012632
982068463
688795950
578992683
27494960
720376560
818339725
356766466
922359350
188219610
481505929
439372449
334930650
159928248
84436569
63241924
976157222
104191476
899530004
702051228
733343145
538851453
886927486
806718110
504770229
846513411
474537324
905375605
454166515
138282602
143391025
730893422
9604968
156714779
505759919
493815585
363085792
718542031
56243310
802879433
961844176
539215658
845569126
217655508
22155328
857777803
253284063
165960223
724064163
544066747
747917629
209345767
142193599
76114061
297328464
886881355
748594709
971634216
544906634
200114688
864301667
745783988
608458174
978992955
596575182
775892084
993748534
897536778
100055635
445621049
701317431
987240723
39518092
450252696
127035547
141077139
192020178
701814924
523498793
534538239
867325146
621857810
561229037
734494161
343831795
767360338
664130620
250422063
757460179
895037948
740988422
282100729
481760486
318950602
147324375
826628382
629266770
748098395
44281181
529037278
946914442
90530387
636880050
128550224
487019781
76697209
232575143
553232477
81202441
311091705
472561585
788619787
446985756
821138450
357529962
66940745
19390687
975955872
663723077
511095780
768145275
92464354
618777189
6037529
926659099
7322120
917590858
122764687
98423333
704705400
884800477
338464362
394877224
794609393
326142796
754039379
886249137
515223038
480604963
631225628
598427651
139063196
339721367
815183018
670460367
406856868
515679514
590709467
290876121
504976693
72730887
74106941
872083505
245246198
269809276
631261284
199746285
403414857
293128775
507132351
156694076
779189788
973319606
49270696
87129951
666365097
895740267
872839099
630440399
96490690
133043458
465484809
129621641
614347365
488815049
382937543
872823486
359499237
938305523
489960238
29964066
938291630
963456021
343065954
446443330
780991334
535125139
252638358
831878107
762702098
509276049
761408369
990176601
67521719
674189892
420936947
543011858
220251355
449913207
616004084
76221994
784670641
978095374
286412694
635293536
314547314
497803330
614786615
150535190
26918811
900241104
339829758
599075120
712570615
184422652
136336660
636746887
111104508
630076879
613779171
386070145
263591903
741697330
250596957
689070522
948978916
127368275
907987893
469026916
416022478
643871930
187213860
623314243
981648787
692366331
152672796
800977615
761557239
247716239
396181035
85693936
747110883
897379185
563281041
393018177
246223141
125630367
856715526
318027350
39137406
48885466
238129474
321519230
958459437
522034683
981257132
527145939
445013922
1002255915
820634532
591913684
219939307
910681579
448554117
587258892
871945941
53670569
400348076
855530216
542226559
288179757
542951757
440708904
1001249510
553092868
766916302
636320306
273514374
38504904
874638976
438756697
946252780
429304295
228887844
837497270
76079070
558915685
585100068
685145098
307447140
784256358
609848749
51628842
539066724
133056357
916226244
257166755
706009254
371986706
493379967
34935021
207937223
165317375
440626500
605963468
553848213
148899927
137342444
216709724
780950301
53176748
381429622
756895183
511365793
452561765
467873989
809895136
123001380
684893906
22936901
299467081
517753208
753124613
272827409
183713247
633231817
677118032
164230244
952295879
297655919
347600686
70476646
483859731
348235762
232214879
511380461
389208467
567718189
613056197
523765941
298828554
765755081
350503470
500827527
503094833
410895010
748345848
175889046
861706333
959893972
754996053
95215135
647123127
353492752
733987157
529399915
91947108
182620333
489735995
44047286
798290637
854321133
959447399
672608375
93098270
107438707
972544396
950088197
153044308
340344823
772957920
378655350
656939189
65515508
507429526
670329842
575276684
696476020
444188173
243063794
80552136
776462907
484156395
304660344
111617551
170122220
560927556
291466662
298227512
172367673
316462862
706881749
524827265
490208925
385333204
277526578
183491624
39509142
357371304
495225729
482207783
310316687
811038832
543357943
431690359
588437739
523056475
950982254
44007125
459329524
605120103
357103858
961141187
827212137
589177873
691820610
21470618
696453372
543778495
232942979
502780321
944276739
712638990
1004075710
695027115
186315051
23445089
703403169
825119152
193578624
745434629
326510537
318040455
773121774
733210665
105797106
399021055
161211415
79681629
353232650
111609213
363547037
52925710
912510021
927780748
383670732
649860859
606245151
448570830
867502728
840305868
505444742
115899647
341511038
417689168
864166138
98183656
59175557
269376922
617664234
864936485
439372709
647572635
227855052
151665891
776430793
989158568
622811835
936001431
424894699
208751837
909693246
93253404
193479061
456868027
490717470
359983523
945689475
444489063
147090953
533329374
669607089
849557534
713474878
966005627
11630307
597670788
435272857
621112064
129619740
640780472
76029595
520515152
967577370
823587429
884236226
520883687
938316815
747700908
987381823
410788852
125414464
244863477
193812411
261651186
101433579
543175059
303148190
851116677
340571544
160319792
977485758
388967057
424988113
636524849
628085007
350139228
226407681
771711209
80340057
748983764
20458833
875454968
614696401
46841608
819457292
21073756
695533909
711408774
312837350
592722537
498984597
144751565
507897691
821922151
942046024
302865556
264477222
148476119
794034704
870768892
407394995
617464851
536579389
215065140
445332594
166687866
490567413
458351871
888656657
613966419
310410572
894903541
88918065
244707809
534345966
410983052
475214400
729277966
350340394
173830714
672910374
668806291
882471264
488610060
646763612
338964121
324807961
490318844
813986909
19423345
222134061
286060108
98929504
58545736
240289607
206038771
106502772
408696265
406167262
781655382
272161456
853940986
289461409
944065047
848401027
667041924
435388050
238150172
747174959
909748712
367193673
72421758
358329935
786504824
674874147
673072447
427800771
841855049
441463493
647643018
510929084
18159783
884509789
686777828
153212382
167335489
613457110
812710762
961778700
119056157
55186840
304819349
516915894
272443932
163628441
610023685
189804341
36209205
579144952
136309177
574385669
697059358
419641107
378219957
263547787
86464185
631577317
375642879
128850242
374563529
417125399
71829909
708603884
417197109
908822362
649870184
860373819
832488712
115448016
866373296
582461306
574169426
876887391
758628395
260632785
508411420
77739703
68734829
836044222
884650275
249442755
434160372
227119096
206166098
344107699
813718226
605721975
912744049
426798853
253560751
103116880
839472453
877831181
206211596
455801636
526492020
894625558
595435504
148180729
626559784
74543101
273289050
1007049478
1000502392
290419711
757704858
867484272
713749138
489916458
348032674
460011307
735173308
723634226
614871890
729699734
145318920
966265962
247241782
201503953
442057158
737612873
92934238
987987413
733473275
188974831
718159206
66504757
51960951
599396638
854256916
596166860
579977930
915623664
391519198
615349603
776746171
474169478
734039787
352569882
657820418
851357690
819878444
464474271
456700003
249458942
135573989
51884617
838142778
535596405
744548521
813118247
847153681
718992768
494295310
766388001
135366644
704995854
250287769
727642732
441212531
389441188
640117981
828393702
302218761
298380086
846930258
701207453
590074943
104278867
918155916
792168848
224110647
824919001
349510943
416026099
461308423
526536722
93174095
872850985
642082254
850350566
649251649
371553299
105490155
525918449
147419574
786049502
554258615
230274770
302978097
116596099
681669956
258192777
570857687
841840607
197386840
980789414
592548224
631990578
837903692
864636568
66623650
11249923
551499908
656185961
479207538
697619586
389664590
913345184
821757639
6249599
944604872
514746981
567237050
338008736
945697262
23562473
683512359
272838469
256916021
294953415
831508512
486956995
725895993
116912772
700304072
780793831
739744861
109231053
320731766
909191786
256481070
778686816
412329964
479081825
22125649
710460632
685288845
741585075
154215243
491847676
791742894
274760603
719934495
83370346
723692051
913496949
439955064
99206696
677111874
384042625
823551144
422030171
406873027
114940315
58453977
926869022
474786377
191866617
310807692
399186110
657753993
915940229
1005172623
143877993
255163138
565821281
191247263
48433287
471251939
32057172
414914243
553566598
631973178
170717289
704349306
783637912
414140230
413901884
642860625
650661023
357640845
371206750
91691222
202311958
566859864
304134453
104092090
553501186
174151692
661226368
958083455
356745074
952465484
633117994
975611497
743795781
261935062
842489313
981604797
137576514
955573306
779581685
817321590
256994494
164204845
979249581
699657984
674611993
505559328
485813204
589163831
202247069
239879437
504751381
614625058
586259047
709126869
641572649
1002728040
382683315
184988161
399069035
31535673
614919061
470768106
868891875
645507630
64621719
137050211
925049833
198423040
892455351
15115654
400940568
358767048
275579387
665785049
489576140
748876399
939506889
514950495
374329096
212876950
894192023
301275716
418634638
211181785
368461603
774664259
976262952
401044147
165817112
141877011
238279571
536556937
539840246
557213019
863701893
7524742
688338980
284366175
50927181
560079961
733696018
19214666
675319246
166394257
860488983
578447226
974312171
304526298
61303381
42715274
777944594
402986648
229312386
364533759
537739486
158034926
596221500
151549535
92389255
630111855
931408345
604236865
937861924
313776878
580974811
492704391
377536548
821158217
921841912
210275947
855903304
649005937
903493279
678101133
326343397
717083806
53432847
544302471
426885177
81162788
536391092
449400833
912334533
622637842
885556678
59280342
929748923
443303456
898140254
559821005
952945125
924518949
296852727
61373185
188909851
737570141
797722678
447199655
895555768
799820273
449404079
867839717
868387630
707717791
110451644
966430808
610977809
110979283
560885349
601201603
496267648
679048278
169398161
378142549
55136773
701553038
139834641
315570396
319893265
818323270
603639272
96104908
287903619
912908381
263328953
943707782
637093126
363870476
361133240
108293226
796464164
893709748
873586911
824365103
985228895
508707881
993770538
970273270
212546457
427796783
721299983
448229729
284327931
927814213
272856497
376724037
140971780
524988359
767358569
760937891
310774958
28552598
372126705
470794075
474633744
175841997
530818537
440322881
634074262
278830184
714224261
877484258
224909754
617509222
22057203
531511895
702285908
676776261
476842439
777861582
798951465
794375987
528849153
805140437
500630531
860086508
860786779
544058606
934609180
287346960
226835057
979575389
724985709
637767144
985548403
292385823
268792144
474160808
158244187
664561287
142397271
354235767
466261163
91654363
150752558
43596999
944944649
183558266
172584068
366470118
689401198
537214972
226063174
842663549
57917825
33509589
193171424
59625966
36825277
821704425
314389972
257904764
361978406
813538464
901577125
672066715
469956353
278570658
669837016
920699945
632887282
987281371
876471495
49824317
68176860
335881219
848658903
378922673
552113805
905957208
704710913
135854058
177219956
552088829
316608638
852775891
790755236
951336003
905439122
536490497
236689330
417256953
102322856
427241917
857625961
562361657
430913376
229256883
703043562
676608148
419778493
924255207
321624268
684828395
961796503
341507856
233900314
814188483
919351591
589714139
191048214
962552361
236664188
64805547
860224107
17249282
100961113
391538462
803361959
64308092
838843580
322608475
652084213
508506784
509628111
270314257
201642329
409760972
543041382
793599683
598307032
450931068
788092090
788286932
352409913
850830036
624901649
47976355
151418095
143690330
739476259
333857328
15379126
778369230
592352259
8665216
246787863
401856109
241341511
561962805
740692062
251800330
950667644
312413348
576355381
303473949
259560258
698464839
189737788
193240334
828279567
151201725
646542113
216816423
614779368
837484704
740842023
949131465
509975695
216282183
553870474
508217103
897027863
74432873
854253164
546057356
540636132
696013540
557547807
539777462
935747660
292208961
617161980
291882977
853785150
249369431
303525665
837295956
34416806
323643434
499098635
646994463
796863135
27148768
472847340
964490762
988476993
827173784
928676424
275990069
424643677
401197974
398221343
821202073
442750238
962205568
204886156
699353177
583493603
364425736
562090522
966468748
47926021
191141366
452440261
289635431
852014320
316326617
299037577
882514186
405509068
341646585
46326919
69097314
896116006
339749048
329757309
376233475
494230526
158592408
746367187
850736544
312354870
460543345
392022419
915681928
613222599
516035740
281187698
753954728
341482839
885861623
453805760
702115505
992607841
970002246
666338184
324561188
723388904
301693769
120804688
700728073
732508098
54859010
333421410
893854693
872132816
183295811
273818460
1003610822
800808688
855623421
544235890
359954543
600125874
986325631
915758580
589511458
244406154
16025658
897589928
411626460
852216549
556145725
921900642
746111859
365490627
25883438
797103281
538308431
456113219
285498236
134310539
241609897
880615340
623315691
565878079
817681971
125350653
788729193
618419129
64445294
817635180
759093736
878533294
581453282
17332418
974964768
987403765
963646073
158194142
912577682
365791588
958022724
463962431
591170268
825778413
376596611
510535724
63570986
320087924
994541660
932016238
613883352
427464078
984445518
187734022
523358888
791523149
148626717
941297230
423074987
271877339
441816047
510984986
783681567
329209195
310337430
755504261
815673268
172426719
973071201
881450377
529788227
207565328
1003995502
569605802
936831920
180770161
902719220
305930051
505676562
462284995
202958130
362832075
535734579
462578413
663369140
627153204
872957253
367913617
700505941
443026733
9029602
263448733
478485510
695696170
417047432
389839034
627061062
704732973
551559710
752740131
293716515
648024257
580250082
769047756
958795049
892188413
980923433
85792144
253692518
711771147
107606847
997979302
127037447
736456690
589107612
365919799
38916614
517642495
403140795
81956925
664017944
708701467
541124441
487970583
