1007049478
1004977951
1005675365
1003656688
1002037363
1005927988
1003025681
1005172623
999639710
1003995502
1004308257
999099044
998896823
1002927200
998757777
999268003
1002728040
1002255915
1000502392
1006201862
1000887979
997929413
998360705
1002026837
1002663629
997931931
1004003657
998044873
1004075710
1003709470
1005071316
996919590
999492288
997152488
1003112691
1003185772
1003343579
997150331
998318942
996666810
1001520100
1005767427
996933166
1001249510
997182073
1003610822
1003272845
1000469642
996376201
998916278
997979302
1003765782
1002717391
1003588086
997751848
995582222
997229343
1002773586
998856487
999637941
1000729867
997702250
998307807
998043431
1002264237
1002012632
994612061
1002653387
993362475
1000417826
1000159079
998927519
994356749
997014017
995025799
995603837
999513650
996060134
994906648
994207867
992380498
993705119
1001057372
997754889
992607841
994716744
993770538
991734492
999868355
996385768
991229957
996018295
993748534
992822286
998130598
999674981
995569905
990873778
991491042
993636277
990407466
991914966
998744060
992092355
993167989
994009242
994609555
994457666
997894794
995450728
992798329
990958956
994541660
998556113
994922264
996303089
990090902
996790826
994087146
994449219
996869031
989793247
992186558
991819951
993842735
989281614
996711023
988097613
995076890
995888543
990861829
996343492
988981731
995128162
993271981
987403765
986384163
986590106
992291040
994298108
995697918
988148723
987987413
985607045
991228030
991739744
987281371
987746079
990265808
990273997
991221045
989158568
994427721
986258350
984945211
989586241
988504062
992577139
987909899
987939841
984329692
987881928
985384051
986770601
987574734
989919287
991474797
983428775
989983339
990987405
983858749
987008453
990947969
984445518
985548403
990528782
991835722
988828427
986693871
990176601
982403108
988535371
987240723
983875365
985585833
981816446
986830851
981542295
990839030
989593640
987220061
985325613
983033503
989075106
987447296
985861572
982775295
988212676
982306729
982049125
981942491
982077564
985823039
982068463
985500723
987381823
986930136
988476993
983119910
984259951
980271096
984632571
981847032
980291054
981260503
980562154
983863312
986384067
980923433
979921633
979254275
979134324
986325631
981604797
980923765
982833350
986664223
983968479
977557831
982921489
981648787
977995254
980319649
981169961
977013243
981859883
978021214
980321125
982878252
980008184
984217468
985228895
984073080
980992550
976601597
976649968
976882308
985005886
977485758
975634031
981893532
982464029
983981261
975955872
980436052
984130911
976864767
982627657
983848913
974306946
980167269
979280172
974436047
981829597
979249581
980592168
979616402
975611497
973912640
978142564
973670768
980368464
980789414
981257132
982391296
972638430
981390698
979306732
973449497
972339596
978697353
974688967
973150178
980225677
972128900
972078577
980762318
975882319
973501252
977089695
974095087
971732377
971984420
980380512
977315480
974434091
979575389
972370716
971406792
970086830
974964768
977722898
979027479
978780009
972418293
969506695
978992955
974177308
976262952
978095374
970273270
976918386
972583407
978176809
976223663
977000340
968643917
972521897
976041554
976600019
970722971
975202645
973319606
968097438
976157222
969837405
971349944
974656228
973071201
973880434
967636081
975223140
968691683
975263586
968779834
967538698
974238028
972516230
970168748
971583123
974320970
974312171
970500777
966946197
971578454
969125582
966128549
967113553
965639798
969990057
972820064
972466549
971634216
966472327
966005627
965687410
967593356
969350574
966056501
964981720
963942386
967180175
970486616
970881281
964575845
972544396
966469578
970002246
964358449
964490762
968744519
972451202
968809173
962718276
972150783
967057305
963640082
966088456
968372624
965655682
967577370
970081478
965650387
971369265
967307195
964002133
969059441
966430808
966265962
966475545
961750611
970209179
969603580
961818693
963115522
964542591
968366033
964821829
965493249
969699766
968598575
960078999
967111603
964948354
966468748
962700112
962205568
968825738
966863084
960568042
961441443
964346452
962071658
964243643
967878845
963646073
962917354
963296150
967813028
961778700
962941668
960393306
963509336
967514934
959080252
960025766
961141187
960672689
966686500
961844176
964077927
965508594
961486377
963456021
958278597
961507537
962138038
958459437
958022724
965843206
959675136
956163104
960109308
958783948
962552361
959851827
961796503
956629819
961125738
962419908
960901357
959049104
956914114
964332219
958417231
959410375
956648903
955818099
959795274
955573306
959462574
955063304
958785435
962832910
954166150
957799824
958745007
959447399
953615460
959893972
953324097
960016435
958083455
962379788
961321783
957750514
959004229
953373036
961426012
953917270
960496812
959366095
954394640
952680669
959876509
961303289
959041315
952465484
955132027
951145098
955992699
959301822
956693128
960055433
953030313
957534105
956591065
952590564
956942820
952633789
951862761
958177708
956980800
958135086
950454198
950982254
949767282
957953283
954174822
954810754
956495983
958795049
958674676
950022840
952295879
956710764
951897886
953817207
950088197
954613998
957791433
955010407
952054726
952676348
956610871
951819307
948439181
949991529
948710235
953645972
948861305
952475452
952945125
951650695
950351578
952788706
946866126
956158803
951336003
953178975
948254761
953259096
946252780
948366032
948909323
950969395
950525572
945659753
949295288
949038584
947468273
949926904
946886214
948839124
951093736
948992834
947177921
952858182
950987516
952807999
944097503
946987367
947038056
953352408
949131465
948840046
950693663
945697262
946255722
949376098
945130739
944302089
944065047
944857309
951564885
949343173
951048172
950667644
945920506
949974067
948797833
943646692
941843091
943024550
947956808
949752054
942511258
946800631
944653346
946033021
948220371
948978916
947438797
949268837
948873392
949786708
947634393
942187125
949193062
942579284
947435624
942046024
942027035
942641513
941485042
946914442
940512639
943291752
945432421
944226641
939790738
939943595
940946163
947347924
947730031
941771813
942274130
943987706
944995455
942840705
945121929
941495058
941834987
946556642
945689475
941297230
939175381
944944649
939176325
942637870
940338172
944604872
943707782
942445653
936926428
942742316
938441177
938305523
945778440
938426987
944798786
944276739
937499980
939569122
943331145
942428304
935850068
941773607
943859093
935104754
937483092
944026224
943263160
935694105
938867815
938952655
937861924
939488961
942016158
935747660
939548083
936188860
940876850
934015780
938316815
940128661
942761862
939597198
938468453
940099153
934691502
941274962
938056325
933103323
933657623
934117027
934924334
938213554
941365895
936831920
937186652
941555374
933418603
934865371
931605033
936693717
934567400
940574004
932016238
934824235
939569933
932915609
935392389
931467238
932364097
937608389
939410481
933909381
939506889
931019150
939006976
939183763
933023373
931039079
936546486
938291630
931382705
934590768
929216906
934609180
935689053
934404998
934899167
931119527
936001431
937020655
936947571
932781581
936542325
935923659
929748923
928491631
932645590
930607921
935485594
935526941
935246162
930411556
928744506
929717203
934815796
929800599
926902370
928025665
928574444
935499235
929022207
930037552
928820564
927780748
929011224
927647646
929547071
927307734
931658181
927146483
927971350
933420217
929212395
930391506
932101939
928676237
929677126
932573887
926225314
924917258
933805290
933417533
927227259
924163739
924201965
925859139
926283866
930285400
932668339
930429593
924062183
933135035
924455619
927537472
928698893
929956344
926869022
926171769
929823239
928926125
930856801
928160218
927206934
931408345
927029574
929556495
924331835
927682554
926277089
929585215
930856891
929556985
930526133
929197374
921420211
921900642
928676424
922332626
920660598
929234490
921073400
921502914
921150799
927814213
926178312
924744071
922917265
922359350
921248356
924255207
919854202
926120772
927744623
926659099
927840570
923386013
920765153
923502773
921587372
919344000
925246296
922178653
926808565
926323301
924518949
923237456
924011210
927565926
919269268
923319069
925957888
919268407
923843463
919035264
922871774
924429334
923343605
918966221
917360613
917671082
925049833
919705280
920661998
918279186
920718998
915984591
915806192
919351591
918359949
923354209
919136634
920596242
924099526
919378842
917035437
919624888
921456206
918173553
915655131
919547535
920563866
922976488
921448217
922831971
917703047
917518961
922618848
913649331
917739444
914252476
914798629
920359737
920699945
916226244
915270903
914916120
918155916
914967169
917007908
915166086
912555360
917590858
921841912
917949951
913159607
919300300
920730801
915403904
914257793
916278596
916027893
913724525
918872927
911494133
914490715
920477043
912908381
913903574
918675590
915179930
915843598
913092239
910205001
916992008
915758580
913449041
915681928
915707535
916004783
913826492
917276067
910945542
910445446
911494124
915966610
917040933
910546655
909815125
910794054
913496949
913972863
915928124
914738215
916242645
915256265
912797831
912577682
917482267
914163674
915623664
910983249
917068626
913977511
914501077
912865001
914584736
907944162
916537658
913492041
915349880
915150096
915940229
906386119
909182805
909748712
912744049
915398174
910482003
905957208
913688422
905504726
912510021
911072706
912872147
912334533
912734525
905295234
913345184
906284186
908561486
914172712
908649682
910937749
912253669
905446409
906830102
913280355
904417071
904340774
907597214
907127421
912359779
912552794
909837163
907987893
906725067
910616717
905068523
909693246
909377644
908902388
910079523
907161069
902924717
910033118
903740149
903107031
905673164
908822362
906248988
902983111
905439122
908505115
905454034
909191786
910681579
909029860
906112597
905927115
903496068
902656385
900404894
903199625
904141499
904399097
900905753
902656077
906489490
904083500
908976415
901759480
907299576
901577125
901596045
907262193
907957216
906296797
901342741
902326641
900257564
905083247
903944916
907058768
901956436
906555055
906283089
899074335
904409730
898136008
898464832
901917523
903240412
900009732
899334648
904941053
905375605
904353771
899215793
905151739
899587864
902275460
905040370
900792757
899129418
896856937
901826858
903121640
900827273
905003737
903345528
897379185
902669038
897391226
898982628
901049715
897027863
896460305
897536778
903493279
902719220
901227465
895002084
896844099
894903541
901520083
898750487
900241104
901287251
898932408
895113017
895740267
898140254
893968840
896723379
898541881
898096207
893746675
896429116
894538751
897589928
899530004
893197317
895775446
895388815
897531927
897355692
895037948
894880985
892028944
900144967
899572549
899399547
895487470
895555768
892178430
890868647
894887474
900213912
896693663
894915144
892345893
896777918
890753569
899284822
896414311
894192023
896910707
895300166
894760850
894746841
894536863
889511586
891522727
897279867
893405610
896617980
889689874
893399245
896116006
891173451
891775596
890078755
895618365
892298198
891508110
894424635
890745812
896409075
896091206
889335317
889124422
894625558
892188413
893342632
891382031
893095004
893567273
890482173
886881355
896363278
887258952
895920269
890481070
892189741
888270465
892470389
895442691
892644400
893854693
891535830
888235095
892876901
893473045
892200414
885861623
886261481
893709748
892455351
885632076
888556420
893021166
893499162
887960558
890997059
887586381
887422324
891824040
893469094
884129239
893022391
890887052
890888243
884219860
888652156
890299856
886601275
889467900
889753586
889965444
883673496
889204139
882655464
891783393
883622144
890891088
890459454
887233547
886927486
888656657
882117804
882514186
881786497
888566713
886881587
883506346
890769117
889090502
886383757
884344222
886249137
887767967
882350391
881450377
880647216
887425185
885151062
888142934
888266400
885958889
882096086
883335344
883132670
883140339
885556678
879269761
879792641
881951428
882805511
883119759
878756457
884509789
885599042
883267982
880533461
881712835
887251848
886987272
881930950
879319150
882873645
884800477
877597785
882319634
885563139
881081605
884759441
883198113
885776481
878611661
882602766
885428321
884650275
877045171
882520825
877049525
881079934
880941635
877530844
883231199
882940500
884236226
879029803
880615340
875564563
875742895
877831181
877967029
882583961
876887391
876750577
874866180
881777849
876410502
879800823
882471264
876491409
877484258
880696460
873958864
878531258
882441737
874927721
873161096
877898239
878546680
878533294
875069573
873046555
872957253
879696210
877710967
877729579
876471495
877670139
879221139
877308942
877229626
878082000
872839099
874638976
874353326
876847972
876809116
880965622
874297055
876070484
877155323
872793833
876816838
874345086
876511084
870759187
870453197
874199168
875629517
872083505
879304469
879045557
873586911
872132816
875577326
878839619
869628824
874060534
870949524
873291041
870768892
869757857
876397320
875345445
868355126
872623303
875012732
876176309
876180628
877286382
872882247
871628614
867538129
871551454
868930707
876561082
869548054
871844466
867701898
871359948
872850985
871945941
874918964
874671243
874800548
868493936
873712844
868121818
870696148
875454968
865981039
867656484
871235649
869665570
874578897
867031159
870970542
871217859
866316879
868879561
868879401
872823486
864601722
867279812
868891875
867029620
872606159
867484272
865533508
869382157
869784170
864868523
872600859
870962343
871017934
866796757
867626587
866609882
867442424
866373296
865273863
868595361
868130472
865294727
862901184
868563898
871651270
867502728
865718851
867375809
869468538
870504608
870374154
867167744
867327622
861907565
862112674
865129307
868387630
863157913
865337012
864881663
868735575
860929601
861694929
867335034
860488983
869234298
866651344
864166138
860786779
859682363
862484870
859927680
864936485
867325146
865930037
867839717
868577314
859678027
866084466
858851767
860217636
867230968
860077088
860507577
861581115
863701893
863187171
866754606
861646467
860274241
860401184
859752886
860224107
866364925
858904425
864301667
862937835
858382318
862546328
858391449
865904927
866397603
860271613
861887257
861579645
856342356
864091911
857152483
858065533
862598583
860361976
857586299
863177601
860373819
855623421
858417197
860086508
856450262
864636568
863925657
860256816
854436866
861060649
863332433
861262827
856827670
861359307
858407440
862840587
859047000
861713552
857754806
853776797
857777803
858825393
856031917
855530216
858599233
857625961
855903304
859973760
857285294
857573879
861706333
854570433
860013083
856084003
853588817
856715526
857550397
855961862
861376266
852162646
852775891
854908296
857038748
853940986
860091837
857866544
851858695
856145132
853385758
857917518
853785150
850457341
859954248
854321133
850420799
854256916
859323689
853908322
854909101
856469971
857595616
856861888
852260574
856595837
854843738
853277748
851357690
853659408
858345655
853940959
857107925
850350566
848783021
855253029
856172915
854440953
851221645
857419068
852245087
849291917
852014320
848037898
854756827
850799814
851796701
850358701
855061147
849656635
849718024
850668290
852752294
847260137
850736544
847722158
849560950
850891831
847615263
852216549
850809424
852844184
854762123
847250535
846135463
851477589
851116677
850830036
854253164
844677814
853099544
849557534
851739413
851778064
845467760
848412892
845895303
848156167
850260752
846000360
852333796
843418997
853096060
844384481
844656374
852796134
848658903
852644090
844290751
844780733
842489313
842663549
846487017
844217084
848332125
846240338
845913762
846409417
841916421
847522712
844361223
841855049
845514944
842286025
842064441
848918584
846513411
847989952
841835770
841721969
844830332
841122442
842341832
843773823
842700799
849830569
849224302
846907183
847969376
840305868
848401027
844580270
847921845
841907223
839624565
848154875
845915682
841088758
839715163
842416923
841565186
844941403
847875563
846930258
844260093
839472453
847153681
846130389
842902711
837779137
846740388
846875929
839121303
843430255
840574947
841825107
843811359
837286146
842708368
843632409
837484704
839753452
836620677
841104123
839743884
838843580
839239894
845569126
837903692
843248155
836776543
838560696
843607955
837805962
844657227
843274604
837441569
844489748
840547250
835221210
839209925
836105246
837929690
837628735
836262001
834671738
835278075
837639783
835830002
840976610
836730477
838502536
843109305
837497270
836057400
841840607
838242256
839603183
836816745
838705862
835052549
838142778
835317206
837653350
835925864
831993430
837502830
832473950
840536658
831892879
832479176
840397837
836189435
834235570
832997082
839694276
839375271
839282740
834259775
832856789
837050470
838593723
831817206
839185524
833164356
832009585
830709347
832995524
837828523
832796136
829484213
834200501
838678089
831461128
837256955
836044222
833154967
837335555
838371045
835649064
830916183
837295956
838153310
833052015
835197451
829212369
831787545
833089999
836084959
831586669
831508512
832167313
833563583
836154930
834160050
834013714
833149227
827799655
827047282
829199294
826634084
832647977
835666916
831878107
826837513
829594005
830197398
833973408
831799007
832471124
834595609
828393702
833373859
829434185
830130061
833022015
824986817
834028365
826782680
832124156
826495944
825778413
826739285
829768587
831546595
826528636
827794183
829830122
826630672
824296018
826634455
830877901
832488712
827173784
824679366
827885769
826913144
828007562
824868169
831769245
830844346
826972284
825459639
823039310
831450089
827451174
828279567
822960041
821922151
826628382
827212137
823587429
821971689
824442757
827375715
829311972
824480291
827340162
828214643
821704425
825119152
824348815
824926467
829460612
827254135
828699087
825091367
822874576
828570546
822516805
827762100
822025726
825453735
826350219
823370292
827835795
828206471
827678376
820311074
821586410
822517420
818571091
824346987
824098420
827802536
826989198
827519287
818339725
821138450
826759872
824919001
823416079
822162655
824365103
826751477
817048360
819807495
817461724
825699664
817687757
819878444
817681971
822409103
823876954
822847383
819032068
816920749
823551144
823218550
818806198
816306206
824880405
817321590
817809025
817532012
821245690
818503874
817164201
822910046
821298888
818311441
814856318
817635180
820979799
821205008
823677676
820634532
821202073
820388416
818420943
816365389
813391820
822875461
814014854
818951864
822129187
820071403
816888999
819023951
815183018
814870581
820839459
820400307
812370716
821158217
814020403
821757639
818330326
815448617
811653554
815673268
812393805
819457292
815346400
814492809
811975134
816794348
816599495
819096202
811915885
814649965
818323270
812722120
813357091
819895461
812627772
810180144
817724460
813633933
817500236
818860081
816710344
815550759
813896552
810661872
812410836
815429580
816444531
812083064
810525261
810416655
808479425
813453644
814524805
811038832
815237292
814968847
813538464
816931243
816966681
814188483
813986909
814026519
812479607
812656885
816187987
814808557
815972193
811863935
807356567
813334488
810617981
812788036
815181389
810804636
808172529
813718226
807400353
813437139
808219314
808433265
806830319
815121912
813498740
808513299
813043321
814132308
812710762
806279870
808605110
812142365
805140437
813710927
805754073
813118247
810884725
806712392
810866471
810212275
805361993
807740617
811134270
808596927
811448012
803902858
807700403
807219870
804139450
808796663
809467527
804116187
809320795
806954163
810419141
806574657
807883827
804222052
803460882
810586717
809895136
808929879
808439769
806450643
805133969
809403327
810799161
806312105
802196295
808578378
807411758
805811595
800808688
806539157
809441922
802874930
808025135
802879433
802884751
799778326
803361959
801215514
802872582
807579767
800290890
799679019
804627914
802834078
807825871
807382739
807947092
802009604
805499090
799497534
800067392
806757124
805700031
802423049
801239920
805188620
802117238
806718110
799080568
797846227
798354730
797103281
803782591
805431993
803930839
797906224
796761702
797895314
797458311
800843956
802670350
797554894
799682630
798553554
802641224
798290637
802595034
797222912
802586967
796606841
796464164
802176313
802139296
794982936
796197683
797945908
801568114
804030615
799124291
799989405
797821370
798761979
798468693
796731441
796045608
798793717
802917187
798345923
800476001
796700670
796801560
800977615
796415331
796507832
794609393
799820273
795986313
798951465
793222989
798325711
793423315
792658435
799753719
792215466
792886231
792103835
797548401
799410264
798767579
798245714
791523149
794375987
794678981
790937652
795035683
792940144
795524752
797062856
790686557
798624152
795041866
798066502
797814045
798523822
790641947
797722678
790821170
797709899
791716645
790755236
791742894
793726425
795125131
789790864
796758132
795595480
796969115
793384053
796002504
791910751
793568156
792614476
789156748
796863135
790165971
789345468
789221399
795581419
795812146
787363870
791010080
792168848
788490819
789086843
792112094
794028235
789838321
787504042
788482028
791403155
794235540
789748855
786542590
791051680
786309383
792185236
789784530
795369697
791959155
794034704
788946381
786474369
785857700
788447642
790923039
793736094
785398667
793599683
790477921
785928324
789485470
792548337
786575666
784670641
785655964
789955242
784568825
787836952
786258217
784137508
791589044
788619787
788876744
784457377
790101280
786025248
784184594
786655210
788844074
786998347
787668046
787247821
786049502
788092090
788548161
783862996
791141191
788286932
790152793
788576219
781746045
781440040
781632363
781327400
788729193
785920406
784256358
790194417
785484258
780717469
789110433
783077308
784745992
788886912
785429799
781655382
787205582
783637912
789198795
786218422
788503721
781518458
780823708
786736831
784967969
787373108
784892970
778702734
783681567
785108287
787081793
781817963
780991334
778369230
783352663
779413361
783187949
779840454
780062000
786504824
780097534
786289198
784761277
786522520
785625031
780269683
777861582
785697025
784588389
778595239
778686816
776747766
777288957
779310002
783513171
783919378
775742621
780932568
776430793
779034219
782824575
779668207
775086265
780379814
777013639
780986729
776749443
775206154
782831530
777944594
783933722
779278115
776361002
775314141
774789661
780510935
782359484
774835518
780950301
776321886
777099975
780390007
773434277
776257069
777580022
775325159
780355777
773615529
773278366
779451712
775348905
772136032
772637533
774664259
779189788
772153083
774489443
774935898
777352688
779054109
776746171
771522700
779307761
780793831
776462907
776345452
773451751
776501632
778552289
775211653
777455245
772432682
773050890
779581685
772957920
772997567
771884667
777309986
776630613
771977778
770073380
772173583
769786579
769596655
777687649
770818174
774126220
776248166
772896820
769047756
775160664
776716681
775722020
772292470
769433634
772355077
772880193
770573558
773784190
773006460
774494479
775892084
769703374
768378376
767583354
772611474
771508402
771064679
770898082
772846719
768145275
773121774
773699758
774362277
765931630
767515470
771973242
773202266
773995083
769976995
765966852
774835987
771867204
766375949
768070305
770062085
766165694
768371014
765178161
767781785
766129639
766843711
766805901
765924143
769757787
766475294
773141853
771031847
764530622
765060257
764221034
765422271
771922909
767611170
764508764
770069528
766043088
765079596
768364738
763752826
771711209
767360338
763620268
762778437
764559587
763528939
769882239
767115799
761442524
762520713
769382672
766315908
762176808
766139980
762675691
765006929
761284375
764980170
767083719
762551075
760660728
761330115
769874365
768074768
761408369
766916302
762183571
769127125
768319643
761887921
767358569
766373977
761100517
764982347
762935088
762936940
766088391
761683790
765801200
759955317
765755081
758532377
760627127
763767163
757977276
761154342
764428380
767390617
762726371
763455161
761557239
762761188
766388001
760505625
757649374
765740679
756941519
763137151
763115995
760909099
762366797
763155129
758881208
762849084
757798224
764395283
764916036
762666288
757461160
757183265
764912093
758008249
755648647
756355643
755096769
757904842
761162476
757941544
761231413
757323546
761140573
754039379
755988349
761821969
761359858
760937891
754283664
762702098
754202076
763147991
758628395
758992978
759818588
758134443
756692346
761079827
759093736
762013062
753071215
761823494
759744701
760693447
760830927
757704858
753617966
752649204
756709157
751483653
755256198
751485812
759596097
751886795
753954728
752208914
758090149
751908850
759444285
754403530
757447914
756895183
759173477
751544214
750302237
752864735
754972481
753395640
756522343
749965726
753765473
755114884
758952680
751157264
754109923
752740131
757192917
754413985
754420446
756313466
757672057
749202196
755504261
757460179
756614613
754475435
748098395
752375635
754097866
751692866
751026173
751190686
752802437
754790377
748983764
753124613
753740178
754660176
755372241
749286725
753394045
748253506
751409421
749591443
748293400
749018086
753571963
750841407
754996053
747792080
747174959
746001404
752738585
747700908
749842420
751163279
748876399
745434629
748594709
750514609
747917629
746833379
751747354
746298886
745114553
748153372
747512476
748934926
746343737
748911444
743885774
747321141
747347052
743679871
750323316
746367187
743015189
743599979
745783988
752361946
748548353
742806828
749063337
747922784
743802688
743439780
747830143
741757745
750748091
750677055
743802714
748345848
741585075
748804122
746183230
741163256
748404004
748713226
746510053
745682320
749550588
745744353
747110883
748632431
746239521
740842023
740048263
746215711
746544455
741949878
740532543
748723020
746111859
746137221
740692062
745517874
746739888
747148081
738767664
744185316
741259482
746009731
743479634
743120324
745364298
745372534
747501534
738950078
744548521
745157212
742393953
746140073
738609747
746577956
743443268
742800573
744450465
743584845
737612873
740672835
736572738
745185831
738786983
744948749
743955122
742268513
737859952
738011680
743359855
737949656
743795781
740791203
739476259
742966794
737328222
742747980
735935987
737359126
743597745
740988422
734607485
743362656
739404617
738525826
737599742
742257771
734797236
735645860
739215472
740571620
734179767
736162251
735249092
737222151
739808953
741697330
735736965
742034240
736659678
740946383
733987157
733210665
740713424
735223346
739495720
733134150
739744861
731973001
735348854
736617938
735832330
734325793
736048806
732546232
734039787
740563639
734942682
735306320
735173308
736885536
733773220
737780729
738612370
739958603
732118630
739181979
733082326
733487892
737570141
735571964
732887416
736309731
734139772
734556212
736456690
734703901
730156644
735609885
732197445
733696018
729752873
737519068
730336766
734149356
731934647
735217007
731186770
735896227
735654758
727996811
727781830
730945838
730824910
732034224
736508250
729797652
734323206
727824832
735840925
729227168
734203305
730893422
735828756
726975157
730252012
728505696
727099639
730181744
732617909
730218461
729985421
731990815
730063050
729105732
733473275
732475062
732950659
729407259
734494161
727642732
731251894
729916488
724807297
731557592
732217875
725774949
732508098
727826024
733343145
726467191
728005822
732151635
732795804
729866352
728296950
726179931
726313501
731050188
728520107
722802716
726242949
729187027
729277966
729699734
729023306
731677056
730072834
727585740
724748501
724715084
721713706
730490174
725621962
725895993
724110567
721517891
723413581
729174497
730435179
723894371
726406949
729592788
720346473
725436424
723308096
726756032
721049618
727464692
721822085
720859214
723139016
719269283
723634226
723388904
721916114
721938300
726311003
722606425
722790736
726573106
725167002
720486413
719090410
718542031
720393041
727180232
727610860
727251219
718643094
725078861
722786457
722093924
726748010
722703235
720621433
723692051
717742440
722828315
720905238
726338777
717320168
718685442
721616268
719680247
717083806
722255286
718946189
724180812
715627441
725090463
725134248
724985709
718992768
720461344
716560660
719703480
724064163
720924228
714705576
719825756
722101598
721012914
718160656
714126358
721299983
713898491
723089659
719468223
714362669
722287862
722724438
716429694
723078361
713654548
715975062
715222677
718178195
713474878
722183757
714788899
717260751
715200587
712999467
717162514
718159206
720528309
720376560
715874799
716841916
719488042
720836235
719934495
718490942
714560010
717397136
711880528
716461543
713270407
718237249
715567524
712714671
715726392
714855406
710460632
715811704
710365476
713518727
714224261
715100662
710855173
715150445
715369914
712079560
713251741
712700647
711771147
716032459
714167603
717925249
713303324
709526473
713837304
711572807
710110275
714062804
716430327
711185414
716188335
708128145
709126869
708774528
714985814
714680507
712219988
713994808
714838922
715648598
716540206
708230989
713327816
715065464
713202807
713914854
708663175
714829670
714269582
710102123
711560919
706257898
712939331
712749709
713518340
712783279
708391879
711862947
711829509
713749138
705640456
705887804
712570615
706587068
704705400
709140393
710774348
709725075
711303824
712638990
708603884
708614499
712278672
710534668
711625189
706777882
703403169
711589723
703043562
708701467
711809949
705617893
706388001
704983148
711408774
711659448
707799777
706881749
709866981
702666692
704265126
704292759
705739637
703457209
701952425
708991528
709287670
704995854
701796800
704718875
707137833
706009254
705158533
700467696
702813222
700472672
705257488
702238122
703425575
702051228
703523254
700728073
701814924
702115505
705457971
704163357
707717791
708325529
700411285
707527613
700559811
698620514
706037221
707759222
702543085
702911792
707534322
701011148
702721717
698213863
703435584
698756569
698421523
701565648
705757225
699657984
701485948
701207453
701553038
705434448
702369981
703317139
698338604
705641089
699353177
697170095
702819971
697619586
705591920
701180968
699131805
700675873
704732973
700706703
702194951
704349306
704710913
697832621
702639445
697298467
701615087
701221006
701330413
701317431
700924490
699628198
702285908
696118463
696476020
700978490
701638472
702863268
703037665
693983454
701373403
700514208
700505941
697067154
697803365
696053120
701374173
694225562
698464839
699702328
700822033
696874038
698478369
692366331
698323698
700304072
691643303
700582809
695533909
691677211
695126677
700776313
695907428
694004741
695877367
695285761
695822212
695848220
692212822
696453372
697059358
700025074
693743197
694613935
696057792
695018850
696302417
692439641
697159722
693588178
690952322
692681878
697320890
695571584
690154409
694806444
694482430
694168571
691820610
688643333
690013192
695573284
690511229
689681267
690866168
688772684
696703710
697108252
692503015
694517000
695121049
689757485
695696170
688550311
688795950
696013540
689500910
689887884
695464124
695803447
694817666
687233586
687886306
687587135
689919281
686866462
695027115
692456073
692218626
689652517
685430233
691467686
688571609
691123021
691594936
687339684
685288845
687891641
686157405
688338980
690262831
688193441
688546294
690784210
685959816
684383274
691262526
684777852
685577541
684828395
686324882
688819365
689668445
689070522
692525007
684773007
683768430
689418784
685936686
688366966
690310843
687929684
686733571
682002460
687602491
684893906
690330484
684314388
685002607
687097483
689401198
683144051
687779985
690512922
686777828
681096117
689902104
687436308
684160684
687766228
681955688
684710013
682696617
682243260
680762896
684411797
680423186
688186172
683315502
681085687
686261006
687484300
688938019
681357261
681116944
685974245
679968888
682253026
680910597
681787479
685021020
683279708
680969130
685321373
678933748
678990361
681654806
679048278
680534201
682235409
685796130
677186196
677118032
685940155
678643909
685753524
679119611
685145098
685785896
683688247
681328258
681669956
680387301
676127291
684329787
683512359
679890970
683684473
683294786
676757132
678124760
677580711
678679602
681363123
681789654
677416971
674754872
675337123
682462842
680164175
680107014
677419038
681867646
676636904
678023145
677909379
676438983
680853042
677696384
678325096
680356619
678511466
677563988
676831127
681613511
682535456
681146338
678101133
677336823
678448490
678962601
677111874
676735334
672622522
681686483
675960917
673875078
678147108
672888826
679776805
678875177
674936502
673944561
677816417
674721681
672435350
676068607
672960213
677397235
676553647
672477037
670171674
676776261
677684570
672608375
670029238
672072570
675272104
673038288
676759427
670804221
678731315
676608148
675319246
670203801
672066715
676152108
678185714
677665052
673111481
675628816
673830006
674272194
668806291
676069522
676001425
673072447
674189892
668384161
673118574
674630923
676817020
667636295
672743426
674537360
671667012
674526412
674611993
666918852
674256566
669219798
669141865
670725351
673879571
668872984
666096783
674874147
667041924
670059426
673146758
670238149
667941802
673065104
667997322
666081764
666338184
671395884
669903862
672910374
669607089
672133370
666365097
670026719
667340167
669966069
664518700
664561287
669746878
665985450
669798750
670266803
664130620
669518827
671615912
669636078
672103655
666934897
665046936
670329842
667285752
671437845
668639461
662773343
665963757
670460367
664806687
669837016
666472876
667805423
665852938
669826753
670138911
662774767
662296310
668146310
667248508
669155855
663579565
661811061
667546821
661226368
665757663
662731101
659954755
664017944
669170666
660328536
668515901
665404842
662405189
665472154
666311775
662823767
666880715
662827304
659056727
661317189
665016138
664469597
659810096
662586709
659793961
665667745
666347527
665973012
663369140
659737239
657753993
660039334
658511364
661816691
660319778
660203356
662268663
657478239
663723077
657137193
657188390
660919356
659949981
661148259
658320776
658851711
665785049
659956177
655799049
657226450
661610800
661722053
657384630
660568795
655514713
661707118
656355278
656027275
660581862
660376373
658274913
658392729
655933642
655275948
655359922
656920310
657566730
659605265
659465836
655933177
656151032
663014670
654892122
662588163
656641814
659971333
656823436
661799251
655594118
661387139
655008284
654236833
662233419
652684702
658295894
659314883
657059533
654527826
653289049
653070060
654769626
652861402
653934083
652987594
651145225
659425269
654730763
658811562
656939189
657487497
659363751
657483335
652570673
651895551
650453063
655038309
651268960
657820418
659196160
659272334
653488196
651286172
657776089
656306587
658984611
653972600
658273366
650372264
656234976
657033100
650748015
650128453
648401046
653659386
657539250
656185961
656690118
655434495
654378845
656797739
656014229
654748310
647366419
654141377
655596411
649005937
650959186
651875246
651727628
656022788
652790053
649542682
653986294
655957271
649487495
648349608
648941533
646006726
650373408
645646874
648055455
649860859
650661023
654656199
653402577
648024257
650241536
647407959
645230821
647652703
646622903
645507630
644778610
652726607
647187925
651747384
649053137
648236283
651016904
647715887
646663538
652560546
650895864
651663758
649486759
646227846
647572635
646056807
650506315
646994463
647123127
652084213
647299170
647499681
646636744
647787055
649870184
647804982
642931048
647311608
641572649
646763612
641742902
647843072
648608165
647270700
648813864
649657283
641914910
645197273
646625326
645110025
643306456
650038472
645007459
648812995
641848527
640001209
649251649
644784666
647643018
643812386
646169362
646355870
646921839
646789637
646253270
639402485
647600700
644546166
640304506
646542113
641133227
643871930
644317178
642347527
639888803
644433421
644690245
641638842
638887326
644615999
641649315
638697364
640592867
644473316
643969383
640001951
644341978
640578606
644421220
639473813
638316788
637767144
644728949
643063017
640780472
639254099
636748219
639114005
639698540
635451919
638116083
640722939
641252892
639952606
636880050
640117981
635291480
642255771
642166666
643187381
643834819
641326150
640594287
637352130
636611409
637093126
636746887
642082254
641764297
639081576
634738638
642860625
640943638
635357547
638784094
636353820
632717046
636422136
641762116
640293931
641681339
641252944
640344465
633045010
636023351
633707298
632074373
641556552
638019722
638084254
640664654
640502559
636243594
633466660
635209667
637549468
639003920
639365350
639813954
636320306
633127492
636524849
633423866
633231817
631577317
636444640
630346969
632873641
630440399
636804410
629943966
634924200
632887282
630076879
636507250
635149226
631990578
630111855
633044645
638381117
637889658
636344360
632111650
636013860
637374143
628297066
629574992
628319417
636754814
631345570
632247525
636825458
634275810
635166029
628622326
629266770
634387488
634918106
635065633
634834764
635725123
627153204
628587488
631118438
630540321
631705325
633287644
633289691
634074262
627918664
635293536
631973178
634747288
629818537
632144002
628291703
625365522
630773625
625695122
627033506
630981749
628085007
629936735
633917434
631261284
633117994
629335380
629905470
627609268
627485066
626359447
631656838
631225628
626147757
628519827
623348376
628607612
624074738
630252709
629409289
630190891
627163846
622480733
631608282
626335905
627762120
622727884
621846010
626012348
625314501
627381258
622203916
624901649
626981069
623103467
621536699
626787754
622201753
625692405
626791865
621992715
620356547
621246708
627446336
624964734
621493273
622371485
620002255
625098378
620136510
625948779
621157953
619402213
621073755
622811835
619607541
619883674
623428378
627061062
623300551
619849976
622684417
622832280
623006104
622997805
619520985
625166600
626056689
622479622
623444247
620493452
620447755
617161980
618496232
623314243
626751258
622104234
626559784
623315691
617664234
623789445
625037984
617449743
619831727
618022151
616250951
618648556
621174434
620917287
625202589
615626662
622573478
618419129
617413917
615583811
616405905
616883555
621112064
621857810
615048941
614779368
621532906
615555044
616704290
618215698
617464851
615349603
622637842
619237131
614619594
617639500
614597427
616962834
620962306
622389412
615760545
614625058
617356804
620962799
617902025
621305150
618612027
615341422
613141759
613594376
614170176
615457270
620142495
612210841
618157133
617509222
611252585
620183906
618777189
617037368
615813554
615814065
612032128
615082551
616024811
612785815
613032417
612905745
615158493
610977809
614425411
615229406
614323586
609784259
613883352
610710688
614347365
614077830
610023685
616004084
615601572
614727636
614961754
615676096
613367306
613222599
609061102
611033777
617993928
615693777
613618798
612525628
610593078
612805458
612521183
611353589
614786615
614696401
614871890
610793329
613457110
608299192
609184600
606853371
613014981
613338379
614919061
608933916
607690240
607230189
606595507
611977742
613797945
608458174
615376362
608800087
605968516
605296783
614663891
613920788
608573575
613966419
613779171
609341896
605366949
614208909
613732210
609124134
607974002
611136740
606245151
605368408
613056197
605963468
612679684
605632371
603416326
608712323
609670660
609778362
612644703
606267010
606563266
603053366
604257029
609848749
610094974
606266109
605396869
608004498
605557085
604800509
601669364
609083887
602570006
603486529
604119175
610701970
603202395
610659171
608173589
601077636
606701586
605292517
608089941
600789764
607239143
601201603
602533423
606210328
600102970
601837309
601292504
608157165
605860638
603639272
605141015
608868602
603802004
605721975
608634015
599824065
599589676
605591505
602218149
604236865
600397417
605120103
603726211
599368414
601571684
604746781
599860428
598427651
606073080
604936308
603306820
606824295
597670788
597137122
599075120
598307032
605009259
597624889
600386232
601442778
600995575
596375294
596307780
598676509
599142370
598936760
603016812
602504254
600125874
603236956
596683341
604620874
600628056
601892898
601936681
595954335
602282295
597910201
603918364
599288713
602943560
596297625
597184632
602723515
597474518
598034174
596887462
598883834
602487716
597930491
594342748
602114139
601658161
595893289
596829525
593134189
594008647
597206165
595414035
599396638
593128942
597245954
593178161
595377826
600188080
595944782
595675880
594888160
596575182
597824688
601017915
599836903
598147244
591913684
594897464
599061691
596060485
599503315
593305754
597414677
595382656
592722537
595438770
592095070
590065496
593463587
598362005
597168976
592858611
596448882
594483774
594950026
593289077
592710397
595435504
591022710
596221500
596649799
591569912
596878411
595128026
595992530
593468226
592548224
595103132
595491196
592775278
594353787
591427978
590410997
594585983
589517735
590833627
587503863
596166860
591298179
589714139
590087954
590592203
586592148
592026368
591359035
595172775
589947248
594323059
591170268
587186328
593059087
585508280
588437739
589807221
594520983
589511458
594191684
589107612
589474527
586317285
590278967
589978104
586076440
592370646
589177873
590709467
592636064
585113114
585018867
585535987
584740967
591053679
590023170
590981008
592352259
589348758
589333995
592684470
583004418
587380135
589163831
589005418
589640697
589513593
588696293
586743825
589347343
582383732
586661296
590137643
588182063
586119858
584458167
583321189
587337583
586413477
586024962
587683341
586818593
586259047
585819681
587955562
587858320
590074943
585527737
581193900
589813453
579974810
585140558
585100068
585410391
580250082
580018080
582461306
585134068
588845028
579318894
579544841
587258892
580924558
582721258
583806747
580455356
582487627
583997147
586250656
584752974
583493603
582119136
583708052
581302046
586186085
582662476
584591647
582473492
579018843
584328544
586773961
579810150
579320157
578647811
586144413
579195493
576355381
577390708
580168748
579827481
582422050
580193933
584240181
577716166
581581797
584486146
578019013
576279596
581079257
582771005
577243462
579171089
577536447
574779626
579603279
581178846
578992683
580185560
583161351
581902192
581776734
579144952
578584153
574271385
581453282
580392859
578021568
577336533
577895113
579977930
575300078
573432487
572603169
580383084
577567558
577156859
576753022
572620355
580234713
573512560
574477648
575217822
575767083
574169426
574392207
580974811
576479856
578447226
574385669
576008804
575276684
577967586
573037682
572410844
575113334
571267321
573412856
577400018
577236452
574732853
576149817
574255305
571174743
577012574
574529912
576295010
578230090
578631084
576633177
573315037
577055481
575206763
569079180
569605802
577331061
570226353
568533821
574901650
576148612
576503466
572378440
571832203
571906533
571197825
569321493
569304718
573093174
571913597
571301989
574349478
568012069
572507264
571296656
575820899
575094332
570702145
571257613
573575907
575611274
571063118
569698507
575356501
566796024
568867360
574555118
570468129
571397292
569606723
571988271
564910923
573561331
568319914
569466045
570857687
566439614
573600898
568316412
570482328
570642147
567237050
568821758
570958252
565179772
564993610
570952717
566050014
564961361
565701378
564643386
569754369
572583033
568208306
568689736
571967131
563512353
569539804
568217649
564080655
570791499
567405265
568246921
562090522
565821281
565120948
563473304
567985635
563038879
566270007
566859864
563281041
561229037
567598784
563180380
565900639
567496833
565457879
566594591
567718189
560051945
569428849
564487602
566272986
569392988
563213505
560143909
563737150
564401510
559895052
566332361
566088958
566364086
565726149
566109005
565447665
562732199
559874864
566539681
559375560
560012766
565878079
567684681
559821005
558514739
560533338
565163026
560842487
562411868
566670859
566412987
562386007
558065299
563140761
557021107
557881338
559150298
562923212
565353179
563972948
559791674
563430772
561564917
560885349
561253568
557658746
565020330
559418808
559993851
562630401
564863718
564054982
560719299
554776579
554685189
561962805
558784603
555763487
556871637
556154816
557213019
561589950
560366598
556245246
557382933
559162406
554188931
562361657
554495724
560605278
562619521
557608678
553838867
558210912
562389289
559460833
555436853
561453767
554649739
560552228
552184424
551987516
557951698
554047971
553566598
553232477
560079961
561208146
560927556
557713676
551718045
559981480
559998666
559923331
550775070
552100333
551021746
556702140
553870474
555284513
552589392
554838978
553501186
558444504
555974568
551265497
556145725
549366258
558915685
550616503
554569639
551592995
550357080
553729423
550213714
555957672
552496520
555213311
556490244
553848213
553195601
557547807
549850920
548852911
551199676
548979547
549086139
552226097
553031428
556518286
553841249
552071324
548090408
550963973
547026799
550062817
549603816
550470477
546797803
552355807
547691483
553092868
550400650
548114768
550050806
550580821
552113805
548123051
550828934
547624361
551559710
552088829
545063095
551350255
544740028
550198902
554258615
547176096
546537977
550790489
550560992
545042807
547525548
553308152
551853528
551645544
550698007
544090751
545505277
543226257
552000161
552062107
546135426
551499908
550900714
544994503
547171816
551148505
544066747
543041382
546954203
547645186
550008426
547459879
543239845
546993601
544906634
543323238
543976443
546026859
544058606
548483878
543357943
544235890
544724721
540636132
543804204
540890000
545440053
546713568
542412467
543778495
544505584
543902783
542951757
546711680
540536464
546057356
544306877
544302471
541913532
543686981
540528714
546901311
548303549
547485720
539777462
541371548
541124441
538740556
540383618
544186777
546099081
543891356
538509730
544986168
538496617
538053135
544713743
539242639
537652502
539641727
543175059
546389342
539966909
543149764
536899182
542085857
544778424
537244224
536579389
537214972
541205351
537739486
543980332
545211163
540234435
535853138
544672539
538684025
544529534
537545931
538945358
541678799
539342363
543011858
542937190
543092729
542913528
539066724
538308431
539008717
539597077
539455883
540020919
542115873
542338675
543153106
540771904
541643535
535657373
542598715
536848902
535022517
541433983
542226559
539787261
535167315
536832034
536878152
535974963
539840246
541312255
535692264
540453986
540003974
533329374
536391092
534664027
540423239
535125139
534473851
535706052
536490497
539215658
538390509
539197270
536556937
539564578
535579739
537839776
535734579
536725934
535596405
529737540
529980988
538851453
538966976
539111881
538240484
529684491
532923462
529629635
530057784
533151103
537079187
536894045
532229107
530536240
534345966
530643898
532423773
537404847
536083977
534599532
527740202
529105453
529399915
536786471
535287269
535042776
534878280
533733462
535019218
532201498
534284377
529391981
533545224
529026135
531511895
533779705
528244072
526661219
534538239
534637535
529184448
526740530
535110621
534224835
532079347
530016685
534556191
531530300
530843623
528408596
527515882
533968838
534072524
532927156
526720786
528513378
525395855
531116383
524143607
532574136
525154498
524911181
527440681
524170250
530818537
524988359
530972140
523096141
527596933
526999460
527651644
530408567
524982727
527597031
523559691
525829628
526527916
526068394
530249709
526492020
529159482
523210856
529788227
526865158
524057179
529037278
526194930
523498793
521519425
521220988
525918449
520510013
523475533
523538013
524407171
526423897
528849153
520942511
526322866
519890632
526780016
527220879
521296568
523913895
520108537
524270372
528698114
524827265
525984327
527517934
527755027
524552711
524898750
524059539
526833566
526943796
520616983
523765941
522249852
520349002
526536722
526871150
527145939
519480443
523358888
526630208
517867744
525993804
522816809
520883687
522025029
522662908
525709746
525134295
517642495
519193169
525151179
523829245
522034683
520991604
522461622
517780729
523984057
516991238
520603519
524047432
518778511
520141437
515553437
522445696
521584856
520984794
516812395
521533927
514950495
523521403
517753208
519140661
520789848
515380433
522017150
520966966
523056475
519807751
513846012
513940775
512946281
520229841
518987829
515583576
522404993
515311200
517125917
516285851
519379177
518527812
520689623
515510461
521057465
517678036
519987463
520515152
511402285
513260185
518407731
511510099
520784006
514626484
518932517
510984986
513795544
515291517
515113627
516915129
518524527
515223038
515405789
510929084
519378253
512480521
513446529
514382320
518824411
518474032
516035740
518499985
514367433
516915894
511776594
513905557
513427733
509301812
509224493
516499484
516263668
509424344
514228805
514822423
516931818
507634968
514370217
514397771
511617708
511560454
511095780
508707881
515534207
511981299
507819721
507758157
507960011
515841706
514522587
509276049
515679514
507357129
514746981
509246489
508873941
512429633
508506784
510438346
511380461
505579690
509318153
509952426
506869108
504980725
512258315
504681276
514150131
506355268
512756903
505240435
505628597
505672707
512021805
504867078
507432001
507757750
506780857
509653788
503660122
504538435
511365793
512089741
509156367
503571943
509178257
505317061
509186345
510923035
507264626
508217103
504134048
509628111
504450443
508554095
504030279
502016665
503076215
509805776
504412979
510799286
505631845
504536420
508411420
510535724
507443514
504884234
504989645
507429526
506572987
507464485
503282189
509975695
507346787
500462919
500273067
509225663
502975273
500591877
504751381
506453474
505009505
508581254
504401664
507897691
507132351
507226962
505759919
499139961
499285692
500923357
505559328
506362928
498877699
506495503
505444742
501693034
504636470
505982665
500445406
504668890
498984597
505676562
498422401
500764279
504976693
498507711
499512871
499113937
502424498
498303773
504770229
501416613
503569515
505341924
502309323
504994722
503094833
504947782
501155129
496924427
499811345
504670473
497893785
495647319
503932000
495228730
504046543
500827527
503253017
498788296
496131172
499363156
503552093
496434371
496653747
502718122
501240932
502316069
498346794
500679813
502780321
495225729
494126171
494295310
498459898
500083954
497853910
497589114
499098635
501660711
501363847
497613932
491955997
501788055
499272264
491923673
497663180
500771120
499495152
498726834
498337111
500630531
492381235
494230526
496219748
497803330
491418651
499218439
496508943
495197184
492704391
497969834
497183210
499030736
498159288
493815585
498765778
496510705
495736676
495491814
493265084
490717470
496348086
498713548
496015730
491501058
488686873
489084606
494820812
497471447
496867013
497466475
497081613
497411726
491613583
488610060
496267648
490318844
497296525
494603028
487953130
493416078
495738306
487019781
490632671
493379967
491361035
488815049
494875733
490430378
487054391
489735995
492274442
490094491
489576140
492008604
487119627
488197719
488974068
487685998
490564045
491268508
491525614
486489053
489221832
489589969
486630473
487608119
489740348
489432052
487767466
487948492
490345638
493150946
488001618
493346183
490838330
491900415
489960238
487970583
488724713
490894015
483910299
491847676
488917174
485751626
486662021
489273366
490567413
486236228
491009510
490916165
484711341
485781335
484392093
490898234
488771291
481657013
485183918
489195726
490208925
487833017
488775783
490281214
485692142
489676809
489916458
484642839
481760486
485128168
485932599
486252708
487452985
482983355
484469561
480977412
481064478
486956995
485954266
484658688
483859731
482920154
484156395
482701596
480604963
479789229
478657221
478606783
485801116
483243483
484266484
478565638
481702623
486734748
486239117
483542242
485256790
481505929
478040238
482546848
478765408
480396431
484788367
483942093
479919679
486494574
481550599
486144073
479626387
484738758
478924741
483903097
485813204
482992214
483115122
484750598
481018670
482163690
481929674
484596382
478323926
481901291
479207538
480652967
484201655
476028181
476850225
474786377
474546060
478485510
480854917
474231371
477035854
474270180
476505908
476978768
477624677
479352240
473649513
477193962
473162471
476842439
474292208
479081825
481324042
478807566
477771732
482207783
481392952
476121371
481617180
476599259
474069125
478578224
476848879
480285431
473172110
479601982
477926315
480091317
480995097
473289387
473303783
471483852
475214400
478501154
474663570
474208625
477387014
477844803
474633744
472730550
471699097
472976969
470655971
478408222
471585477
473034313
475738711
474023187
475252998
474889598
474160808
472641523
470630291
473513594
471415078
473196253
470768106
472711021
476027441
471119311
467941257
472422955
474913023
474979228
472847340
467541785
470818133
469956353
477047386
475239565
470794075
471291270
471721436
472561585
476092679
469504154
472983503
467924934
471443198
472260283
468078948
475515978
468305390
474169478
475176099
474537324
467253682
466261163
468105431
472555739
468120103
473198896
466557086
467535050
473116803
467606088
465484809
466523656
464583160
466466019
464474271
464501511
471735954
472870607
471251939
471533827
465616922
471907733
465407308
463682802
471280365
465656264
463917742
463727363
470349146
463230622
463255042
462320384
467146822
462389636
467502404
464023257
466130744
469369746
469060784
462944261
465524057
469026916
463950727
463405707
465735007
462854665
466803062
467873989
467388636
468307320
464341173
468807006
462407186
460543345
469490719
462843108
464056056
462302680
467050443
463087348
465909124
466269051
462469629
463087665
463412300
463148917
464644709
466371380
467728388
461758226
464282030
467532194
465687929
462337891
460043418
463962431
463766873
459322696
457544123
462744092
460896393
464231254
462809189
457466694
465553928
462284995
456706309
463677071
464247919
462347378
463477007
465815793
465264255
458898571
462183151
462845490
463020278
460852844
459902160
461780451
455573839
463103307
461712191
461360489
461247639
464214084
461308423
456911708
462578413
460809826
459474900
458555050
462732333
461671209
455793794
461715200
459832576
460011307
455587883
460285348
460831726
459820244
456350243
454604295
457709592
462652115
454654440
455801636
460381252
458351871
452440261
453414921
453077407
456976224
458760422
453900022
454874409
452988187
458004530
458815680
454671496
455448149
455749202
452925693
453805760
454884160
459514871
459329524
454183785
451928736
454166515
459705754
452561765
452671027
451853025
450035439
456379288
453065672
456545184
455262074
449715701
450252696
454315227
452882024
448978556
454504569
456603713
454008959
456700003
456113219
449400833
453475368
450249379
457551951
449403101
456216553
448570830
455868623
455722668
457364043
452679406
450357982
456396655
453099439
456868027
453119788
448273080
448983174
452267452
447081341
448660807
447932994
451170415
450629018
450559671
450405283
453216467
451028571
448196080
455340062
446342593
453213473
450055728
447443310
447647416
449404079
446403264
453405686
446308809
448706900
448554117
448229729
445125067
448866642
445971286
445013922
449690973
448155061
443969334
448369352
450212108
448103059
448296695
443389479
444286535
446443330
445350983
447199655
450931068
445332594
449913207
443021436
443192462
446486310
448429680
445505396
444920916
443303456
445594949
442750238
444489063
441568986
450825269
450428052
442845282
446994145
449473525
445621049
448831345
446535871
441399063
441816047
441212531
441085951
442755806
447246194
448231734
445788262
447246888
444188173
444217326
441398070
444254080
440816932
447631148
442636585
446985756
447377024
439897179
446580883
445411551
445013446
441003418
440247319
444085441
440298367
443283403
446627009
439088859
442057158
438756697
445550983
437440110
442425679
440055585
444643473
436856000
437474706
443782543
442402376
444820244
439178936
438186862
444102280
439252435
439955064
442153596
435608253
436411681
440325534
444280813
443894858
435316364
440739253
441157537
440322881
439533197
443026733
435427057
437412243
436051386
441240043
444050033
440756969
437142017
434160372
443104233
437329646
435388050
437619372
441197793
439568648
441463493
438752629
440708904
440220336
439134769
439551212
432801284
436871048
436626162
433306205
432585512
433718079
434080992
439372709
440377509
440008245
438325210
435891476
440626500
434883903
436898379
434411422
430913376
436286228
436467022
438601377
437011928
430547700
438681263
431434684
437640565
434668256
439372449
433263061
432832766
435385635
439043547
438789790
430557029
438223119
438564530
436657770
429627627
432163769
429557597
437099752
428668858
428553962
433060780
428611848
431460304
431900688
431773265
433448990
432563477
437449846
435368567
428179375
433558860
427464078
431508962
436301369
433323054
435272857
431690359
432872292
427150944
429282035
431977513
435221456
432563207
430551711
433284510
434985719
432011240
429471374
431314987
426885177
427820357
431660295
427952460
429164630
425147533
433304450
433032723
431684038
427241917
432197739
426136980
424988113
430499245
431821926
429255740
430308908
425995777
429818560
424643677
428814894
433128797
432715798
429304295
429413213
432568815
426319294
432001164
424894699
422519544
429840371
427970126
423084167
431697067
427633060
426798853
422793396
424966246
425506197
423882208
423628025
424239274
429812898
428336731
424709117
425062230
426372290
427800771
422877375
426453893
420961601
425148420
426815774
421240229
423583720
428694816
421700679
426903794
422331930
427404150
424385730
419555430
420807743
427796783
420505872
423149967
427472292
423074987
427917743
427367341
425732564
424303125
424343779
423257066
421424112
419666908
419641107
418517660
420191995
423123603
420059524
423159909
420081280
419524392
424863078
417689168
426160163
418783694
422128933
420321591
420489199
424248806
422348638
424835944
423133918
424461480
420325065
421720187
419709611
424799075
420317875
417256953
419521986
419666629
418277938
420606361
417125399
416026099
418866726
416409514
414884014
415711203
417047432
422616755
416402973
423047219
422358511
416581675
414246465
419977584
421304737
413901884
414261106
414220551
417928663
418866546
419865776
422030171
416662835
419576416
420936947
421801592
417595291
418092134
416784139
412899238
415100297
419778493
414018115
412583264
414914243
413953424
413383965
419203157
420580437
419113287
412614085
412989609
413222785
415137358
414681643
418634638
418259675
416022478
418832638
417995231
414140230
414588370
414459724
416996635
414665510
411481455
414809485
410444843
414335782
418893012
414011743
411205005
413708118
418417145
418372070
411328647
415288247
408263854
408437828
414325205
415062934
417197109
407829024
411870944
410941289
409921336
408056669
410039111
410891859
407936722
413781548
407394995
411629377
411626460
410983052
407639506
407239364
413483766
414707586
409760972
410155918
406829759
414541979
412329964
406324460
408387561
415150848
411808812
412986653
406885035
412181708
410431218
404892696
404849278
413737066
406856868
410026941
407174652
407442477
410406224
405370788
406114872
409040104
404261277
406167262
403428069
410071787
410971532
410709766
403414857
405509068
409926657
410895010
406304303
406873027
408438535
402325929
405852909
406450737
404111261
409315501
409034246
410933683
407063809
402687552
408940314
403152545
405225628
410788852
407031157
403677705
406153011
401572344
408696265
400629664
401012093
400278090
409917616
409050084
406578936
403969624
403495032
406868094
408528541
401671921
403624605
399305284
408420889
401197974
405424192
405012885
404135148
401845329
398642512
401002731
399186110
402910819
402250810
398122267
401934520
403786779
402765881
406544797
403140795
399219966
402256327
400067680
406350222
399244806
397375839
402096087
401848012
401832272
402986648
397320427
400414006
403442253
401998443
401044147
402999669
398429644
399609056
397105325
400940568
401638443
401856109
395882914
395963595
396408023
400348076
396039077
398449269
398754392
400184541
399312208
402115223
396991700
400067256
402840990
396275404
397048005
395342798
402792479
399530437
396181035
402038022
396269519
402830550
394386190
394375164
397336291
393018177
395642624
395822289
400753474
393833344
394937566
398355980
393662121
392808535
394755024
394568866
398340268
401434596
391440993
392022419
394877224
400247871
397967719
391584262
398407682
392022804
394266054
394707500
393820858
392943411
396889054
395613876
395161449
396624429
393938946
398221343
399021055
399069035
394901647
394047281
393362797
397148736
392452490
389860394
395517342
397982502
391786753
390229233
397221829
396355912
392271274
389208467
393269138
388094992
392126049
394639797
395269983
396668915
394196035
393958968
391885408
389430637
390699196
392656943
391624670
387959410
389441188
392546110
394031815
392496240
388876852
394455868
391265856
394472862
390752992
391538462
392534743
395343720
390438269
388150443
393769386
388760613
387070894
391944470
392309247
385608545
386662477
390680948
388174940
387005837
394028516
390163921
388515577
390665503
392913582
384859531
393185902
387528584
391156315
389458645
388067682
389763805
391519198
383127130
383670732
388967057
389300623
390887664
383941528
385636851
385333204
384042625
389839034
385191109
383853097
390708111
386466129
389955538
381463355
390994338
383485978
388207046
386002482
390451721
381240178
389392621
387744266
385453177
386948868
383762550
389450983
382479093
386368318
389664590
386882787
387400735
386653663
384706207
382173402
385055670
380092477
381625529
387783473
382752581
380763610
385828767
388078686
382600377
386070145
387300337
381429622
383445663
387831793
382269357
383139417
378006893
385385322
382683315
384278834
385291767
380265799
377534096
382983092
379015423
383901526
378556196
383859851
386274570
384160025
382457386
379270855
384046959
380835456
384247810
380217081
379735489
383769466
380329809
382937543
382870971
375508214
376990556
380424582
383582069
382901246
383006670
376105658
383797356
379183190
376724037
381404146
380169489
376120752
374563529
378655350
376233475
374329096
382088770
379417638
380176384
376488804
375104127
378922673
378548014
381047767
375596421
379456983
374282324
373938560
372935773
372227317
379419787
381166417
379097761
376685454
380194634
380112290
371986706
376042233
375622349
378140311
373594321
373139369
376490106
380179887
379929165
373457181
371428127
374693741
378142549
377343140
370934978
370274637
375045389
371744926
372771981
376102074
378776316
374799124
372481323
370502658
372096949
378538977
373299064
370499070
370563340
371271558
375237319
369190346
378219957
371634624
371703954
372551078
367913617
377536548
372979729
374748855
376596611
367824939
372302171
374853909
371766912
369535098
367232734
375470393
371727933
371206750
370229781
372299184
367857733
366383322
366350142
366239889
375642879
370773485
366837199
371553299
367373003
372287746
367286429
370104605
372957582
374072640
368701376
368539110
371845417
368225139
368489066
367151124
369770100
370725075
365490627
373910246
372126705
363951118
367427299
370568263
373104823
368461603
368332700
368353557
363729500
370536536
366405629
368163407
362911272
370886497
367193673
366320532
371176528
371748738
362479620
362680240
362779216
368283797
365791588
367109508
368328167
367829355
361557839
365919799
364051217
364242421
363197123
369027233
365087203
368438641
367217461
368778761
369194112
369370207
367755398
367050693
367169137
365680923
360000850
366105040
366498136
362590696
364660359
362702034
364197421
363547037
366898629
362862177
363510359
366846925
361856613
360679494
358434011
362662206
366470118
364539111
362319805
365678408
358726969
358289362
364293743
361308837
359045378
363261103
364371421
360031550
365340402
358233258
357786200
356766466
359499237
359791002
364425736
365093327
362981000
356200303
357219736
356371579
361072913
358329935
363178976
359954543
356886130
355287911
363083694
357529962
364422960
364533759
358107947
363136204
359168628
361423311
361978406
362832075
363870476
362390118
363198790
356045161
357840064
359983523
358767048
357195118
356370151
363085792
353976657
353117399
354421431
360444163
353098712
361133240
357371304
357947724
354524345
352409913
361937600
361231983
354014937
354213865
357374475
354430873
352145906
358661862
355084345
356136291
359545057
352421819
357538507
354993451
353716959
352830436
350623427
353012193
358742434
356429136
359689216
350616613
355908625
352569882
351059772
359372930
355527784
350503470
349878442
357103858
354153309
358664298
350962766
354059595
355408442
350881208
348552144
357640845
353492752
352646568
350325884
350240641
349926852
356745074
350796831
348024026
350082674
349986345
351599380
352316782
348646573
350819840
349481229
350340394
349483172
354308914
354235767
350716098
355342585
353754862
349957514
347495710
351537408
353232650
348871201
355363084
351751899
352597705
350392193
353625943
351683558
352314102
353897223
349995552
345844747
353970483
345539129
350139228
349149500
349762814
352829742
351847273
344050628
348331959
345671103
349917112
348235762
346233063
352091340
349203953
345805687
344653872
350436149
347203056
350999768
342752574
348678762
347807265
346841185
345099093
345149418
349052896
345422210
349200666
350520310
345775975
346277991
345897910
346675096
343065954
349699257
341646585
344107699
344159296
347600686
348208807
341511038
348927080
349510943
347171570
342842124
346665219
348032674
348318943
344513753
345126335
345808039
344065480
339749048
340495217
348069675
342733695
341345432
344502952
346536255
346445562
338939893
341146919
342832710
343872324
338629708
341755526
345852699
340586013
345940556
339093370
339188153
339217818
341976617
337227954
339584995
340344823
339721367
338289717
338720221
339552197
339798932
339829758
338734714
338964121
344555586
342765681
341084924
341360652
339474765
344324241
336304270
341467603
345065337
344945694
340571544
337978559
337535665
341507856
342837165
343831795
337108450
338008736
337203460
335264281
343569493
335447457
342091294
335667148
340109208
338464362
339663627
338795300
335965967
339614381
340458047
336246117
338152434
333421410
336808085
334628900
335788485
340008874
336264091
332407265
337794859
337203844
337939123
341482839
339776031
339438703
338773113
337827894
334930650
336928324
339932874
340275207
336961392
338265171
335347185
332993730
333969333
331158104
330349667
330524969
339201097
339359467
333857328
330214972
339094859
332495068
330674922
330395051
334822077
329209195
334918979
330618594
335557538
330485801
338641148
331321159
329341472
335099808
334606140
334735560
330214333
336567045
335249028
331023650
335879550
333117245
336525147
330148925
335889101
330841086
329556733
333887644
330788794
331873463
328712774
335881219
332366628
329841088
326510537
333216078
330520815
327440354
327363453
334285251
331199417
335043883
331155185
332326264
330353386
330080168
329579856
329859297
327568407
326884307
334291134
330468820
324985863
326581006
329448506
334025695
332020935
329672856
326614348
328570789
325712111
332081920
329499523
323608994
331836424
324561188
323921421
330411209
330900817
324807961
327722534
324761144
326343397
324991329
329757309
328767706
329100795
323644745
322500649
324933546
330768394
326274499
330483604
322142423
328065689
324175725
330924861
326860695
323871240
324815556
328982445
329749911
323831578
328173435
320609534
321033816
327499261
323643434
328367912
319813154
320948521
327029379
326877994
321684396
322966756
328622989
328664579
328495614
322370353
321526841
321274304
326208116
324434000
325996911
322608475
322187528
324796920
319893265
323885849
326142796
325692764
326327110
320954411
322151574
322195640
318040455
326470610
320731766
321714520
324956690
322854112
325588763
321338507
317636274
322095771
316462862
317569010
321077281
324988126
324062938
325054874
322404897
318382451
318139722
322403754
321624268
320914033
318431618
317971076
322781861
321819242
323616668
314718224
314547314
322221224
316375525
316084016
317532419
321519230
318027350
315570396
315975408
317801087
317997753
321210066
320129118
320087924
315290931
314389972
313546238
316491892
320220939
315156274
316684034
312306901
320821204
316608638
313538855
314375239
313608830
312194375
319737488
312413348
315652516
314560085
320917093
312691408
314378173
313415222
314043822
320160954
317183984
310774958
315722612
312692696
319160034
314405032
311092012
317776801
318950602
311242537
310316687
317693316
309538446
310807692
315857530
316871036
309657898
316326617
315093441
317416719
312397163
313245730
315753071
317828489
310611975
316672442
311091705
308489167
317189940
312334945
311865325
316230294
315838859
315092665
310410572
310178574
308473739
311724938
313871079
313918378
313735919
311321624
310716265
307491271
310102394
307610802
313016357
315234474
309880358
310524082
311284813
309528994
312837350
313885762
313283265
312354870
310949307
306581088
313776878
311499326
313225152
311335370
310337430
307277793
312976131
304751484
308409230
309868253
311369467
305305742
312671639
312090040
306023371
309738979
311192761
303525665
303733694
306281079
310713087
306803025
310134117
306104764
306331655
310322483
304509147
309521697
302655115
311087469
304819349
307447140
310148420
302978097
306220669
308172590
308965852
305926069
308513141
304134453
309905576
301377578
301014317
308301705
305838325
301294142
308007338
304660344
309202348
308574976
302806960
302218761
304812775
302585806
303705893
307916822
300997329
303421840
299775082
302836126
303473949
307592345
300955991
304145813
302257740
302865556
298916163
304526298
299573758
302484006
299467081
301068095
298558353
305930051
305538441
301849221
300255795
304801954
306562464
303561859
304194153
301190489
297120164
298471621
305555132
297630225
303770044
302037528
297508155
300406381
305015455
301693769
299533227
295921422
295766527
301275716
300755670
303515586
297092272
302277055
303148190
295986487
296529842
303087248
302060147
303623103
302645149
296852727
297078967
301007930
299351339
303191846
298884152
294591917
299072033
301469478
299934627
295986757
301727008
295351451
299460675
299378230
297328464
298337599
300666555
299392155
297770573
295735726
296260027
292449391
298227512
297002097
291882977
296639663
298712254
296643837
297217589
296284847
297481368
297147781
299037577
291466662
293436693
293080127
296331277
291031559
298397080
298469355
297959756
298959389
295430437
293595932
292385823
292208961
298233044
291300390
290016239
298380086
298828554
293927815
297655919
293117019
294840403
295132801
296517788
294506074
298067611
288391582
294355975
292064524
293137728
287849762
289635431
291059865
297233939
288994330
296297080
289325910
294953415
291981077
292872237
294180019
293128775
295463924
290109320
296258351
291591428
292423991
287903619
293473006
286409501
290597519
295416405
291295683
289492408
295244256
291407058
291734819
286412694
288179757
289940527
286060108
293322847
286429141
291540990
284366175
293716515
294062252
292756383
289019039
292263733
286251495
289507172
285492694
288301465
290876121
283448566
284916149
292627428
292030195
285368153
284897785
290419711
290212822
291377920
290276579
287369297
284217063
289775849
283527339
288723774
291627948
289218926
286768294
289461409
290729864
285700775
287328241
288880669
281873627
283254477
281125792
281409432
287892584
287132632
281400892
288969565
288213576
286050103
282100729
287346960
280228417
280385148
280157723
285498236
280019900
285096393
283522626
284638570
281156018
288530922
285798366
283766601
281631860
285035576
285905568
279297777
281117027
278210352
281187698
280932646
280685339
280152666
281315830
278297380
284327931
283257529
285948218
286747429
283563035
277429169
278600976
285715652
284686837
279574106
281471036
278144422
284064894
282068114
282362516
279448373
275990069
285523682
276987767
280139059
278939278
276349871
284350988
281898826
275579387
281931305
282757857
275967767
279573450
279379416
278830184
282794287
281170865
277808511
283051199
275410422
283691642
277900826
280914155
281745991
275008657
282488377
275927919
279707011
282504652
281213274
277118764
276963509
278025041
275044400
272856497
278187690
273179694
272838469
278018334
278003764
272443932
274741331
272883979
273035111
280440556
272674256
272009441
271554037
277211424
275132689
277245865
279145532
272893578
274742532
270692851
274703909
275641884
279533240
273864241
277172678
274414889
270267266
274590140
277999925
274760603
278004285
269830278
278570658
271731055
273818460
277251410
270350879
270967863
272827409
277526578
273123099
271649558
276373386
274507732
273514374
277614714
269940016
273243431
274134944
274386883
273791778
268316206
269294605
270775377
267024544
271801144
273289050
273694991
274149375
273329593
268792144
268296130
266483517
267498471
272161456
272880031
269702329
274147179
271181843
267985529
269415569
270894571
268808517
266606924
270314257
271768909
266114105
269809276
267065453
268991437
266485687
265197128
271877339
271601105
267863780
267951687
271951529
263522484
269993144
265595051
264044729
271017733
271885673
267570160
264752986
269614869
264950412
262769454
268943213
263070195
268125039
269291966
271646281
271253718
270876898
267057594
263302926
266525800
263752799
270471436
269376922
263693986
263547787
264454377
266134582
269109808
268030964
266448067
266817936
266757949
268726627
265770713
262802897
266329351
260710485
267550165
265267957
261919471
264477222
261999145
261935062
268393014
267004460
263925773
264092337
260351834
259560258
268268169
263705681
262989243
260772223
260632785
266875542
258931831
264242959
260810058
266565585
259721056
258741818
259901243
264738496
262775702
259385641
264659776
259290255
257289090
266073421
260313330
263634444
260621548
259272482
256481070
263448733
258751957
256959136
263553710
260214226
264888196
265200957
256205962
263494525
258037372
261578166
258490830
263328953
261889344
264471750
258390998
259554895
255195412
260658405
263591903
263762249
254527800
254057321
254086640
262466018
261559110
261894303
257904764
253298621
259605416
260164840
260232395
262553411
256771707
252632031
254853389
257048488
254493677
261564467
255227731
261651186
259546916
256916021
258891043
259733708
257519701
259654173
256830745
256137012
256845801
251800330
255100429
256467259
255411563
254407484
253773323
257323945
251497081
253346704
257289447
251054814
256994494
258192777
253969224
254741075
252184206
253591799
254358277
256078510
255165726
255853421
252638358
256721220
255889370
252075871
257927097
253560751
255800768
248205788
250226329
257001228
248890574
255507389
257166755
248845540
255649274
255301951
250530901
255513070
256757028
250636476
249163937
253284063
253878928
248726613
249744488
256143307
247084819
246924968
249698411
252104612
254321449
254851433
246788879
255163138
253870317
255130106
251671219
253692518
245415492
248022867
253381098
251000116
250596957
248301667
249442755
246787863
249369431
250702463
250912057
250285807
244931703
247241782
251371933
251406280
252020575
243576929
250287769
246188028
246815992
248239256
247727090
243314796
244406154
250958492
252062096
250422063
244972962
251899483
248780850
248451736
248164649
250172350
245275274
246108928
250691363
244863477
247202395
247804324
249458942
241341511
247332229
243083494
245246198
243507444
244030670
242917681
248121169
248463472
243211680
245774094
243290842
245711513
249286560
243615120
247994757
244707809
248624876
241836380
245735464
246894366
240967006
241457705
247716239
240483264
240574302
246783838
240085313
245106254
242158014
239692950
243063794
238149150
246962476
246643912
245611370
241870772
246510557
237546688
237211029
245733402
241609897
240813887
243819385
239117454
236689330
246223141
244132571
238437001
237088593
240705125
237116136
245236532
244655044
236433240
240721106
238539243
239663806
239331067
244621472
241998700
238596121
235877959
240820829
239279317
237253211
236266709
238046186
243210430
237395688
239879437
236669703
235389746
241081719
234810197
238279571
233566194
236975325
243143089
236664188
238150172
233799926
241118736
235479784
235047174
239416518
242107455
239438373
234059495
241009712
238129474
232704920
233064608
234444636
238462194
235897744
236669995
239170630
240289607
236906174
236017632
238682949
231080575
239988622
235576203
231100258
232124343
231888334
232575143
230334967
238735110
234434899
230347578
234748821
237504961
237400165
237788889
236492098
232343338
234824453
231667439
237283948
238120647
231292110
232445915
232132840
230481770
234376274
237940710
229528437
232482756
229426542
235060436
232214879
230803370
232942979
232362626
232434204
231612058
227361487
229896571
232553703
235924005
227255944
232193839
229312386
233900314
227288172
233266640
232257774
232113557
233227152
233118787
226079075
229177740
229050311
229466858
234153970
233798805
228479723
232020265
228589273
228442911
227293050
228121060
227525292
232190531
230442394
234020748
230496695
233387844
228887844
231919364
231302572
228711576
233271915
224484792
232314443
226676830
231742671
230274770
232076670
232353720
226063174
225237971
223151169
227446781
223460511
223854844
226835057
226407681
224782369
228766074
228260627
226615549
230021576
221561637
222131595
223336133
230684997
224474508
224559799
221706076
229381149
228057852
224616848
224922518
225016758
229608704
220551485
222134061
220736329
223670461
224609120
229256883
224952308
226039092
223541526
222502412
224518571
225430648
220725920
224909754
226242909
223888022
224270364
227418326
227855052
221045558
221990573
218985641
227729774
223080964
222047316
219888338
222054109
223697430
227119096
225891268
223854439
220791690
221173562
224110647
222972078
226314514
217184496
222746340
222758404
224969926
221259306
220166939
217458442
217391188
222459939
218434698
216709724
216816423
220685371
215996177
218674831
217257017
224891268
222221540
219027091
218852284
223057221
216067524
215396429
214929399
220875904
219136132
220159546
221857560
215065140
218829732
217655508
219995482
220251355
217747088
217480652
219939307
219956438
214978330
219271186
217917673
213616950
215932528
216217744
219674325
222016223
212802269
215972028
215892713
213709864
216611106
218520650
212023705
216103290
213968598
212876950
217050444
212128037
214098825
212546457
215238427
214796403
216181047
216494804
214439860
213472920
215657357
215280908
217433008
217852808
211429808
210515409
214914593
219297374
216296345
218773290
217409601
212163042
216282183
216488726
213786766
209114888
215798233
216064299
215971797
212567309
210464180
216666039
217183938
210637769
217233966
209583529
214021670
209275250
210136634
212140655
211181785
211070439
207572747
211014307
216465725
209345767
207599770
216266023
214583945
211488633
211438155
207276592
209135543
209534506
215030097
207316311
213261971
210941139
209740792
214729768
213354305
208751837
214443775
208379832
214403382
212383383
213018964
206211596
211590507
207277132
210645479
208645585
206612567
206166098
204886156
207937223
207232305
203315337
207749005
209562877
204327920
207701924
212101540
207742570
208067123
205925250
204250158
210826555
209065164
211824740
210212054
205101500
204020975
210275947
202311958
203552165
205006191
203248356
209226925
206879335
206844302
207755449
206096096
206156445
207110449
209154541
205012209
207565328
208383321
206923942
207086078
199954069
206038771
207034915
205725207
201522044
207957248
204077538
203750540
200114688
203829719
200720146
201107014
205080332
202570910
203161609
207072078
202753649
198591236
207932529
199652436
201642329
198986080
199010881
203261722
199041286
200281771
198193970
198432707
202958130
205399102
201166211
197804999
204178195
198423040
200401523
205896566
203428816
205426395
200731076
202859307
202426993
201914124
202102180
205259456
200557990
197079026
197386840
199396667
196567911
195856556
204515151
200696120
202247069
201805397
196080862
194439994
201864815
201977012
196587216
199543206
195642871
201803534
195094026
201334752
197733491
195914077
196526272
195947501
198148693
199972308
197193465
199746285
197607964
195808405
200558562
198327775
199605877
193340667
201503953
200179114
196204703
194891435
191866617
198949668
193230478
200156926
191655198
193956420
193293900
197193898
198706451
195923101
196712833
197413559
193812411
200070298
191048214
197105139
197714557
191608600
193240334
194479180
197044361
190147833
198579790
191141366
193479061
191294819
196931213
191185232
198355072
196907040
196874773
191804976
191896108
196950436
197676420
190702052
188867094
191622750
195795777
189998264
189931170
188328703
194559883
196206490
191139880
188963430
190436305
187336026
188826076
193553799
186989074
194625591
193437584
191924206
194710329
194367778
189692897
189195520
191278537
193563362
191842891
188219610
188461533
187000708
186902014
186573761
189507916
187707536
193578624
193361765
185702835
190758191
189752317
186315051
184568522
186896621
192641468
186024282
187004873
191039408
193008992
193171424
183713247
184119167
190270672
191247263
191690089
189732120
192020178
183358777
185275757
185146899
184797195
188909851
185423214
191053794
182856775
191690561
187056305
187465053
182336693
186989030
183491624
189737788
186370451
182057063
189804341
188004538
181701106
182172314
186658605
188609038
181204528
184851262
184472595
188995930
183473519
189040531
182748797
183791324
185370830
183680112
180263678
187213860
186361338
180653855
188974831
187734022
184991578
180140093
184838185
181210024
180111327
183020933
186194986
182862579
186945974
185981844
184806087
178258747
184988161
181202842
180499408
179677498
178754431
185931036
177257639
183052566
182620333
183137997
183984298
185542464
180826324
183295811
178689162
176786782
181101219
176445857
177219956
184637480
181291301
175780646
181723220
179040783
183366085
179259157
184422652
180658698
176707483
180998689
180770161
182003877
183558266
181457854
180058032
182296863
180279680
181058274
178135117
177492562
182491406
177670753
174830095
177380173
173822712
179693065
176798407
179742326
174609275
182196438
177574841
172823941
174966851
178850005
173702611
173477262
177306863
173937326
177478138
178249165
176827691
180693840
179206731
174893333
179144074
180002249
171278192
179680752
175797169
172554464
178545858
172367673
175999241
174421111
172701890
174249432
171133883
172426719
170915758
177180998
173830714
176749567
170084334
173581479
176586415
177368782
175965565
172962944
169398161
168943443
176839627
170843321
169873461
169438378
172734573
177207147
176131902
172584068
168235306
172282274
175969678
171425082
176987301
171502704
170361536
176788572
169239139
173601223
170966731
171420327
166902896
167794370
169641564
171595779
175889046
174778253
175841997
171400155
174151692
170550505
170866439
174003063
171045849
167526462
169477441
173429506
170101030
171921046
171485416
166554287
166821454
168520029
172221721
173884521
173476556
172801119
171546936
170717289
171947115
172665076
165508273
164230244
164893757
164401062
169288971
170879953
164204845
163986084
164606417
166072039
167783043
166394257
169526349
166906312
162704431
169404390
169749709
164677647
165960223
164402045
164101419
170936070
165817112
161827098
170122220
161704211
169818167
165087471
163431562
167191686
169814760
163703673
166696476
170274917
168266273
164523955
163986347
160952447
168811267
168239553
161973622
163126160
167335489
162504716
161688962
160758713
166805793
165796990
162645895
161371705
164634588
163628441
168326713
163110670
161084188
167307357
164162373
165991286
164040081
163000707
164146967
162270641
166687866
165551809
165191842
162324645
165317375
160124931
160038224
160720796
159928248
166216066
160542316
156694076
157083767
165322190
165715907
165768578
159102602
157995781
161571042
163809366
155980690
159317605
162653866
161211415
161678467
158434772
156351491
164070979
161026589
159943730
163056916
163503114
158244187
163955271
163934033
163721936
162308691
160509125
157705197
160287886
157921885
155272948
162725884
153249784
153759300
157975334
158592408
160319792
154215243
161380536
155592016
157186165
159533614
158403239
155222162
155948169
161081868
158249967
157098611
156635819
160285411
157140516
155859182
152697836
160506514
158194142
154127148
154018832
152621359
159842168
153212382
159309853
157035571
154488166
158416201
156714779
154597276
152880954
158034926
155505372
158563878
153322296
152399016
150067807
155171453
152539857
156709260
151723370
151807938
150356015
155508354
152672796
157296389
157355470
151797781
149240357
152713328
157579108
157481720
156519322
152304747
157028450
151665891
149407552
150535190
152152323
148320059
156163805
147049024
154882196
148693489
152067856
151435382
147870923
155244479
150517510
152053925
151888601
152338915
154018573
147090953
150955632
154087003
153044308
154512285
147419574
153401322
151549535
150405024
150499359
148347643
146522451
151201725
152322412
148899927
144705117
150266083
144886066
148220158
146813249
150381055
151068795
145402331
146977266
151418095
143843251
148671540
145695842
151748441
147474128
147324375
150752558
147078909
150959494
142168792
142397271
149877623
148188985
148626717
150830243
142332533
145662255
148718833
143391025
144751565
146747499
148709479
146640762
142051415
149705418
143867527
148379797
143500024
146416771
144267651
146275878
142508854
144939431
146818618
141836706
143877993
144784396
142140713
142548586
143921018
148476119
141443561
143690330
141236937
143981049
140424148
145110888
146369244
148180729
146568421
142877633
143560856
147075476
143058835
139965205
146576715
140716976
142647770
141315510
143180343
145318920
137431363
145620531
143623635
142594361
143959444
137691101
141864290
139323482
141992475
137099700
140211040
142694721
145623969
142350542
135583365
144412802
141877011
142278109
139701215
141507769
136336660
144652601
138192240
144233247
139063196
135656481
143427696
135275005
134745537
135366644
140772241
141579011
135733508
133663754
141654245
139834641
142314090
141246481
140602506
135558528
138708260
141556778
136596854
142193599
139137607
139261896
135976238
134089903
133043458
141077139
137342444
137040729
140971780
141054066
136561020
135163954
136935780
137311167
139616997
135394729
136309177
140415127
135240196
138048017
138087217
137576514
140268509
135394842
137050211
136970938
139547953
130571019
133169129
135854058
134638656
135674890
136017320
138794193
129535745
137553733
130538157
138282602
136607436
136201692
130626921
128850242
135573989
135565885
130383901
133882888
131707279
128661870
137212463
132211145
130643268
131886363
131472094
127205244
134136156
129124405
136662987
135488038
136290714
130391444
132570021
133919734
133474654
128976780
133982429
129621641
129955505
133237854
135603336
134678904
126434289
131799194
127040850
134310539
134478304
128234549
134529022
127037447
133298642
124961510
132267209
133438760
126826201
129985766
129263545
128836311
127445529
131884478
128877611
131447336
133056357
132535290
128359194
125184580
124639604
131538629
123238254
124052354
131813049
127368275
127161739
131343384
130790293
125414464
130505366
127098363
123581226
122169720
128288480
127852029
129619740
123744816
129048415
123432216
128361842
128618543
127158316
128550224
129226468
125350653
129917716
128036637
122797476
123546919
125630367
126977484
120223678
127495428
127035547
122391348
123720794
129389766
126498084
124956819
128275959
126646585
121269590
121470728
122443795
124094454
126391466
120723986
121136377
125408802
120804688
119056157
119139871
117945483
124436772
120440324
120019315
123671999
126444403
124024311
122516439
122516445
119608518
122885960
119357560
123995719
125874468
122001215
125346000
116780243
123079452
122360043
122764687
124976557
121882212
119190131
124005365
122087691
123001380
119795869
119483897
116433326
119479582
120183758
124005493
119227590
123984262
115448016
116347105
119220612
117137406
116778580
123559391
118190405
115496778
118214816
115873617
116912772
117637290
117282667
122267656
113759254
113819745
113248762
115368569
120195110
115572501
120762386
117403812
117773917
118494282
120476699
121325096
116942884
117159111
116596099
112763132
116884639
111724469
117763928
119864876
111171503
113145064
120785643
120258201
111104508
111701623
115240520
112367450
112200102
119366360
112002249
110342462
116002089
110710856
119246905
110282184
113811351
117280698
110979283
110824205
114911336
115736395
114940315
112906945
112145460
117314268
110451644
113411290
116630056
110800253
110750486
108293226
114698229
110383369
110489359
108055069
111026665
115039287
112334762
109759535
114351636
115899647
113299214
108308171
114515548
106534069
113717366
107450968
113886361
109042319
106633032
114767647
107054237
107348370
109231053
105930791
105838044
109243407
114284256
111758915
112717520
108914094
111617551
109629408
113521624
105797106
110916219
107438707
111600399
108437459
105741575
111708565
113043063
105143538
104063314
105753608
104891816
106346168
109097213
110477049
107110986
111609213
104248151
110990122
106586498
112490858
103131877
107718854
104278867
103392427
104987937
104092090
106502772
101962315
106150394
103849831
103887164
104930044
102587513
104825493
110948182
107260125
102758908
108712309
107468197
104282623
108998099
109207125
107229643
108871013
108321592
105490155
102480632
100228102
105353982
107606847
109127871
103474617
105334132
103014136
104227195
102021177
104765579
105859430
101799035
99653300
99060624
106818711
98423333
101433579
98929504
104859309
100493832
99125951
99198878
101117917
104081220
104817492
101986238
102403617
104636719
99206696
101620476
104191476
101150206
106097788
101912248
98713803
99713865
103116880
98946824
97906424
104479899
105229123
102322856
101354683
96573128
100124359
96104908
102907008
97243847
97116331
101781993
98097683
102962268
103708635
99281179
101499808
95100259
96123135
96315030
95571797
97404924
98478565
98143187
101832198
102902005
98001978
100961113
94597642
95101838
93823282
98067703
96551609
92934238
99701969
93253404
97565715
98183656
93098270
93440729
92287114
93151607
92051369
92516310
100055635
99748893
101064614
97344361
97135304
100762673
100886124
100233343
95034576
94014322
96178309
97605723
91411255
91654363
95215135
90641692
96098585
99258283
95189930
91691222
89532612
90703716
90944521
92876713
93936810
98258232
94606439
89824581
95975344
94244511
92530942
96024375
94810548
96300757
89303271
92878447
88918065
95234484
94746191
88857175
96483366
93042237
87785853
91041471
96211095
94592640
96372028
96490690
91476744
89173087
94290448
95610688
86630409
88793085
91330126
90144160
88148564
93039051
93910175
95267147
92389255
92438280
86543490
85344261
90790282
89740423
90530387
90670004
91217799
94293210
85792144
88640591
91899991
92464354
89101281
91749767
85695621
85674780
88598047
83608567
84370054
84988825
93174095
89011843
84196945
86809734
91611500
91947108
83770578
86896733
90702053
86226793
87930993
83954188
90331896
85656988
88642530
87129951
88365284
83700575
88901142
84948673
90481435
83272245
84478166
89357703
88472919
84542398
83297768
88467536
89630820
80518652
84436569
80220025
86464185
81659027
80333300
82918923
86526797
82592156
79681629
80340057
85693936
79871736
81309330
82506712
85950547
86507370
87186515
81956925
84945581
80552136
79655681
81908703
86666327
81834842
87420912
85787233
81827308
83751064
82941224
79011405
78830527
84386422
81576335
84090824
79772647
84420460
79959775
80468515
79828364
84175507
80554660
83466080
84991166
85972878
78805285
76230580
79881630
80873951
83598370
76697209
76114061
79903406
82682324
81883259
76379060
76658762
77528569
75507842
80786881
80086194
76936437
81162788
80409973
77739703
77630623
81202441
83370346
82740047
75550826
73953756
79941955
76455376
82659302
76987656
76959652
74573753
78999597
82071452
81536964
77002844
79461290
73954852
77313288
78845965
79980418
79207545
74332610
78473896
72771024
78226292
76981212
76079070
75237672
79408867
71250710
78928935
73874380
70749321
79342457
71037962
76029595
76221994
78191194
76902644
74770585
73897630
74106941
79415068
79317549
70258190
72730887
78241942
76619707
76489566
77634717
74535215
76853448
72421758
69022669
77338402
72457958
77028032
68884248
74588517
70479603
68734829
75516536
72279495
70908805
73979569
72726741
76896916
67366113
67371314
73082047
66950806
74032499
71829909
74543101
72017110
76271784
74432873
75278355
69514813
70093931
70258244
74353501
72987248
65897076
66900191
73066552
72452907
70778804
72841865
68194028
67922010
74134428
65704310
71758199
72282200
66624379
68867402
72503060
71115428
70476646
73547682
64621719
66440197
63973924
73379855
67530119
71768879
64805547
71191069
65318508
67556002
67562860
66652973
69190162
63536684
70682607
64287979
64445294
67451948
64894839
66504757
65511438
64467999
66599095
69308300
69115480
61517324
67406697
61201995
62062842
65429093
62235820
68176860
70355714
69097314
60939600
60643182
69424229
65975790
66623650
66807683
67556393
61481677
65778436
67793686
65738870
61373185
62770975
60171407
63348644
62865711
60860101
59669207
62115888
63570986
62635848
59166031
61825379
66940745
65515508
65005888
67521719
67345938
65877253
65976841
62148840
57533520
65788713
60903003
57130846
60191893
65419283
59280342
59625966
61599039
58220772
56243310
64479220
62932923
65025380
56541924
58399622
59561878
59564601
63314054
63809844
57515408
60935899
57382411
64705164
61689195
64308092
61220170
58649977
63241924
61935220
56623458
62365188
56005236
55959516
60483526
55780973
55904470
61939822
59147885
59175557
60547365
58716214
54535072
62806295
60048517
54751232
61303381
58024706
55454930
55186840
57418910
59031248
60011576
53302989
57689618
55559069
60858524
58529932
54448649
51753363
56219280
58453977
51960951
55734590
52051088
58603796
53363905
57127292
51125672
54935513
54090101
58545736
51628842
55086043
59392788
58612532
58574034
57917825
54603192
50403244
56435130
56341800
49687787
49824317
53432847
50927181
55136773
53189153
58331364
51912969
50883533
48514826
57485878
49658900
49269544
56919088
54859010
55341625
53177072
54062233
53176748
48314592
50832400
49307122
52243885
51884617
52925710
54177907
48557843
53177268
50177806
49326714
55653420
48686609
47260096
52345637
47970933
47926021
53670569
51342417
54006813
52130719
52038861
46220367
52699736
48910404
50004844
49200782
48433287
49847046
51520850
50244454
50278542
44802668
49773830
44281181
52091438
48885466
50642851
52001140
45229752
48744867
49932422
43229220
47020453
49310444
47215944
44914271
51273950
43462418
49270696
43477055
49838119
50470293
46207326
46712531
48808994
46841608
43596999
43273990
44332615
48411245
47369754
47420558
42715274
44007125
43001984
50481817
42073820
41540659
47101676
42960755
48968181
45269781
40796875
46793818
47175431
39798538
43719639
41059608
44740582
44047286
39137406
39509142
41831294
48429586
47976355
46651599
47115553
39907712
38682371
46326919
40338207
38916614
40692917
43429271
47354008
42521211
44338364
44348212
47149464
45625057
37659857
45446986
42331824
37197573
39699198
42073856
45339335
41532628
43394680
45683705
38957842
41689057
44860540
40690497
43791619
40549569
43129239
44044771
37072014
38252745
41012532
37121848
36787171
40653321
34990836
35841773
34555761
42081817
38404988
39349438
37276988
42682598
43058931
43224198
39408358
42766557
40874303
34910197
36991335
38504904
41725848
39302196
34663957
39792291
39988949
39961847
40117374
34935021
40129838
34976143
35000441
37489267
36825277
40749680
34654809
36151275
40253557
39567184
39670809
33624648
38219643
34241374
33509589
35983987
31041025
38565316
31002688
32611124
31744797
37120862
30682986
32824943
33111563
32753180
39518092
39267329
32135627
33594083
36209205
33641734
29922198
38452487
35179507
28990634
36590811
32668645
33660700
36030122
30941485
28552598
35384290
31193476
32969043
30018979
37422761
31895717
34818353
33040059
35631786
29629496
34976523
31026263
32455745
31766154
29773465
31335043
30081318
30573248
31945507
34096922
30912869
34452069
26511431
28697187
31064923
28180204
27209868
30828337
26340307
28561565
34996023
26918811
34416806
31713904
32364812
25693823
32100397
30682914
28253956
27724098
31067880
30990295
31590005
27494960
30687421
28242932
26996567
32537255
23562473
26006352
27148768
23745306
26139448
32057172
31535673
27954760
28143266
29546964
26187247
31109706
23661423
25291208
27716591
22708466
22080572
22285307
30370305
23445089
23872079
26732766
21470618
25114442
27924299
24464310
24192963
26708491
22028053
22829117
26659838
29964066
23389667
22264262
29659104
25018056
20198481
26310959
19822923
21193178
26130392
27456799
22125649
20645761
25350694
18791975
24201578
28017348
25883438
18355377
20464315
26314364
18159783
19056952
19779973
27493855
26912212
18858082
26933326
23830622
26767426
21364585
26155903
20387441
20146709
19390687
20567438
23250895
22936901
18997612
17525980
23235188
22197651
20210097
16025658
24814321
20490560
19000785
22409668
17160987
20458833
16997770
23660001
18956610
15379126
19344872
23298569
18384317
18713536
17818816
21931998
15198454
18773146
21880803
18340884
18866830
17034061
16211089
19423345
19236222
22057203
22205469
15115654
14763257
15641296
20436770
21073756
17046425
22155328
13979697
16621433
12533694
17249282
15859400
19780988
15524318
17675589
16969892
17931990
18886708
13473031
19217668
19603381
16606242
13063127
12428059
15186535
16373380
17658447
19214666
18081822
18028773
14594287
13962788
18642751
11630307
13790826
17682593
15778517
18805550
13466224
16150461
15988454
13321447
17647677
17332418
14323668
9443513
16011378
8996251
10143871
9604968
15192321
16886862
16780753
10218538
9782825
12069934
9368785
13633431
11677104
10651136
10209300
15318105
8384915
15838534
9392004
9265634
12855427
6336496
12134129
14999961
10819451
15028130
15226891
6340092
6454120
9270956
11712669
13499664
6037529
8665216
7019075
9773911
7322120
14587083
11446664
6249599
10000331
7408146
4977121
8333388
9962715
5858846
13295249
9633947
3707482
6963881
12563733
6741833
11548248
9672518
9952711
12281022
10913798
10992486
11249923
10989265
5400767
4231298
7524742
8939025
10831056
10085041
11588049
9663181
1922339
6419542
5018366
5397462
4419979
2261572
5534770
9449400
6131572
1601779
9029602
1183501
6031716
3003019
1213449
8739308
411244
