788729193
110710856
392022804
366320532
156163805
807411758
603016812
543902783
321684396
427952460
320731766
499495152
340344823
427917743
250287769
928926125
513427733
775206154
964077927
489916458
272893578
947438797
58529932
96372028
464023257
306104764
180653855
530818537
395269983
511380461
639888803
519379177
987240723
291295683
464474271
825453735
674256566
924518949
315570396
874199168
789086843
757447914
562732199
775742621
19217668
501155129
199972308
321033816
613779171
603202395
327029379
28990634
873958864
195856556
610710688
512258315
118190405
473196253
481392952
548090408
70778804
721938300
306281079
223460511
269294605
943331145
751747354
233118787
678731315
972820064
103392427
296852727
372957582
845467760
79317549
895555768
898140254
551592995
311865325
348235762
264738496
785484258
71037962
641638842
462284995
771711209
82659302
345808039
326860695
260214226
184988161
315092665
685002607
616405905
101499808
26708491
475515978
310524082
613056197
4231298
173937326
698478369
476599259
647572635
468078948
169814760
922871774
620493452
435272857
794678981
364051217
727642732
322370353
338641148
198327775
114698229
313546238
575217822
990873778
590087954
750323316
31590005
141556778
694517000
259290255
382269357
388967057
762520713
816794348
328712774
945697262
261651186
250958492
748804122
270314257
566109005
945778440
811653554
270692851
540771904
618419129
69115480
154018832
17525980
420191995
799753719
577236452
427367341
61373185
644317178
453213473
747830143
938468453
515223038
368489066
520689623
790937652
652861402
181457854
844361223
914501077
515405789
585508280
152539857
283448566
858599233
805754073
30941485
234824453
422128933
290276579
375508214
589947248
256916021
943263160
701553038
406450737
104636719
933023373
166906312
762013062
103116880
839472453
789784530
361423311
158416201
537214972
340571544
301068095
740563639
455587883
737612873
115496778
958083455
669518827
890482173
347600686
703425575
949926904
232343338
618612027
807579767
117773917
92438280
551350255
520789848
166902896
747110883
609184600
847875563
636344360
29773465
501240932
542412467
255507389
189931170
848154875
827254135
814870581
820071403
57485878
567405265
848156167
976041554
934117027
518499985
533968838
566796024
571197825
703403169
953030313
222134061
34818353
761683790
829311972
62365188
642166666
465264255
490318844
471735954
357374475
350436149
462843108
542085857
665667745
580018080
860086508
36825277
665757663
208383321
795125131
738786983
985548403
323608994
139701215
281745991
598147244
372227317
714829670
18081822
40796875
990987405
802139296
77028032
383853097
960025766
191866617
949268837
35384290
593178161
327440354
54859010
520883687
119246905
877308942
413708118
474786377
137099700
465909124
364533759
457544123
159102602
703457209
589714139
871359948
770898082
150752558
930526133
148718833
212163042
450559671
611977742
811134270
476505908
188461533
683768430
781632363
395642624
783681567
22125649
772637533
794982936
657137193
599061691
622832280
812393805
273289050
275132689
458351871
999639710
837441569
376233475
977089695
260351834
573561331
93039051
998130598
522017150
331155185
949786708
215065140
578631084
532423773
280914155
856827670
743599979
434985719
22285307
753954728
28017348
231888334
601669364
236433240
277808511
42331824
980562154
825091367
894536863
982049125
298712254
260232395
186315051
670804221
704705400
136336660
79011405
714062804
219674325
560927556
823551144
272161456
917035437
417256953
660203356
20146709
776321886
435427057
49270696
682696617
779668207
577156859
305930051
394877224
777580022
582119136
991491042
596307780
649251649
132211145
207755449
206096096
459329524
13633431
124005365
629409289
1002255915
647366419
895002084
243576929
400629664
524170250
354014937
277999925
569428849
749550588
452925693
467388636
790923039
535110621
999513650
723894371
851778064
183295811
605292517
59625966
16606242
42521211
704718875
866316879
431434684
990947969
128877611
229381149
172367673
1002012632
826972284
804030615
173601223
460852844
617639500
704983148
257166755
980436052
958278597
217391188
241609897
639402485
41725848
995076890
541371548
963296150
334822077
650373408
340495217
956648903
513795544
752649204
682462842
852796134
99125951
816599495
702369981
374282324
496348086
401832272
774489443
962138038
720346473
966056501
822910046
305538441
886927486
512756903
99713865
959851827
244030670
45446986
518474032
280385148
773784190
344324241
310716265
60011576
687233586
821586410
484711341
317416719
342752574
180263678
158563878
504994722
748876399
800067392
15318105
621073755
151888601
522445696
260313330
828279567
896856937
771977778
835317206
586076440
797458311
497466475
340586013
712638990
387005837
53177268
715975062
268991437
442057158
268296130
419709611
42073856
475176099
893968840
138192240
786258217
67793686
596683341
52001140
26933326
793568156
973670768
477624677
137553733
446403264
300955991
131343384
60643182
836154930
485781335
536556937
708128145
677684570
754790377
47420558
626791865
858391449
214021670
232257774
764982347
154512285
638784094
883673496
317569010
100055635
280440556
274760603
825699664
391944470
127098363
771884667
748098395
761079827
231667439
599503315
65897076
629818537
273035111
556490244
351599380
226676830
419666908
253969224
985607045
424248806
411629377
747148081
894760850
302978097
392546110
191247263
865904927
909693246
504884234
16997770
645110025
867656484
657059533
495225729
532574136
337535665
26130392
413222785
731990815
248164649
748934926
1003656688
445621049
684329787
863177601
691820610
445594949
463148917
346841185
41689057
384247810
459322696
164101419
448103059
993271981
130505366
720905238
614597427
633045010
714560010
94746191
600125874
794235540
657226450
469026916
572583033
754972481
832009585
147049024
893022391
402830550
241870772
23235188
79941955
199605877
731050188
241998700
27148768
438601377
916537658
180770161
897379185
844384481
802872582
47215944
406829759
399305284
589978104
285948218
358664298
159842168
393018177
169818167
361978406
979249581
116596099
573315037
263070195
774664259
493379967
579603279
657483335
80333300
701814924
336567045
312976131
58399622
852775891
170084334
918872927
993842735
221173562
543041382
461715200
683294786
157098611
110342462
323921421
525395855
537404847
986384163
184472595
895113017
235576203
943707782
913449041
720859214
53670569
237211029
764916036
444286535
667636295
681328258
176586415
647270700
984130911
800290890
186658605
838705862
983981261
152322412
853940986
879045557
318027350
48910404
455793794
165191842
486236228
141077139
319737488
824868169
723078361
171420327
310102394
380112290
180693840
83297768
62865711
232124343
149407552
792215466
498726834
161827098
554495724
746009731
133056357
295351451
298233044
220725920
819032068
555436853
680969130
705457971
82506712
256959136
133438760
949991529
656234976
338939893
767515470
379456983
945130739
446443330
603726211
960055433
557021107
385291767
95189930
247716239
216611106
904340774
739404617
688186172
864301667
974964768
677665052
687779985
487685998
515291517
127040850
734556212
586186085
293436693
987447296
931605033
246815992
951564885
452988187
42682598
814649965
370568263
992822286
50470293
669837016
184991578
336808085
428694816
520229841
518527812
291981077
663369140
743802714
174003063
26767426
349917112
180140093
608157165
557382933
560719299
553031428
1006201862
762778437
695126677
468305390
240721106
101150206
370773485
141443561
973501252
189732120
665963757
514822423
183984298
805361993
501693034
204327920
172221721
487608119
553729423
967538698
61939822
574901650
917360613
479352240
23298569
580193933
504134048
245733402
791051680
79415068
882319634
31002688
733696018
680910597
122443795
864601722
32611124
810586717
659956177
299037577
236017632
722724438
888266400
614347365
343065954
732887416
672066715
612525628
431460304
11446664
976649968
485932599
575094332
47354008
935689053
423123603
694168571
338464362
995025799
606595507
817321590
338773113
257289090
110824205
945920506
460543345
463230622
464214084
715222677
448706900
310337430
117280698
597206165
740791203
692366331
258751957
419977584
991914966
907262193
901577125
950982254
154597276
947730031
349995552
60858524
838678089
97344361
913826492
793222989
747792080
60483526
289461409
329579856
423133918
679890970
546797803
88901142
669636078
868563898
1922339
802176313
472711021
284366175
585140558
579318894
776716681
727996811
161211415
595382656
596878411
680762896
808596927
761359858
186989074
850799814
818420943
131813049
349986345
127205244
806712392
47115553
322195640
21193178
383769466
423047219
308007338
277526578
376596611
850809424
313918378
941834987
474663570
19236222
275990069
440626500
380179887
401934520
890481070
72726741
19780988
1005071316
949193062
135240196
170936070
345940556
643306456
970486616
68734829
589807221
320129118
329841088
122516445
359372930
104987937
59166031
599836903
738950078
921587372
124956819
230347578
941843091
644546166
719934495
913724525
509156367
445013446
151418095
297078967
46207326
630111855
57127292
824098420
928025665
286409501
604257029
641556552
934015780
704349306
677563988
155859182
706777882
538308431
755648647
534284377
453414921
794034704
927307734
784588389
926171769
654892122
122001215
934824235
350340394
673111481
979134324
618496232
601017915
523559691
353897223
569605802
142594361
95215135
778369230
106150394
768364738
134136156
650453063
915758580
541124441
869757857
935850068
857152483
408263854
923237456
276373386
990407466
995569905
256845801
539966909
947634393
582721258
91654363
290016239
367824939
599368414
155272948
484642839
51520850
960078999
90641692
848037898
619849976
571397292
534637535
544066747
26996567
846135463
736456690
26659838
850830036
9952711
36590811
634747288
312194375
295986757
163986347
28242932
159309853
362590696
666918852
440325534
169749709
